Running seek with root {-3,4,12,13,} and ceiling 10000000
Time: Thu Apr 16 04:39:55 2015

In seek
Running fuchsian
CURVELIST num_items: 2498252
Time: Thu Apr 16 04:40:51 2015

Running genealogy
Time: Thu Apr 16 04:40:51 2015

Running valuesOf
Time: Thu Apr 16 04:40:51 2015

Running path
Time: Thu Apr 16 04:40:55 2015

Running compare

 Length=1749 [0, 24, 36, 45, 52, 60, 72, 84, 96, 108, 117, 124, 132, 136, 180, 213, 216, 220, 252, 256, 288, 300, 304, 348, 364, 381, 384, 388, 444, 456, 468, 492, 504, 516, 520, 556, 600, 636, 640, 648, 684, 696, 724, 780, 820, 852, 864, 892, 936, 948, 976, 1008, 1044, 1056, 1068, 1084, 1116, 1152, 1176, 1188, 1228, 1260, 1272, 1380, 1396, 1404, 1464, 1480, 1536, 1564, 1576, 1608, 1629, 1636, 1644, 1648, 1708, 1800, 1812, 1816, 1836, 1852, 1872, 1900, 1920, 1944, 2061, 2080, 2088, 2112, 2124, 2136, 2181, 2196, 2244, 2280, 2320, 2340, 2364, 2397, 2400, 2484, 2592, 2616, 2628, 2632, 2644, 2652, 2712, 2868, 2904, 2940, 2964, 2976, 2988, 2992, 3060, 3096, 3120, 3192, 3196, 3204, 3244, 3328, 3336, 3372, 3456, 3496, 3528, 3568, 3664, 3720, 3744, 3804, 3820, 3924, 3952, 3960, 3972, 4000, 4005, 4056, 4104, 4140, 4168, 4176, 4200, 4248, 4284, 4392, 4396, 4404, 4420, 4500, 4536, 4608, 4668, 4704, 4788, 4920, 4948, 4992, 5148, 5160, 5172, 5220, 5232, 5304, 5328, 5380, 5400, 5424, 5448, 5484, 5661, 5668, 5676, 5832, 5844, 5868, 5928, 5988, 6048, 6144, 6264, 6268, 6372, 6504, 6612, 6660, 6900, 6936, 7020, 7156, 7200, 7248, 7252, 7260, 7344, 7404, 7488, 7596, 7644, 7704, 7776, 8032, 8196, 8256, 8316, 8400, 8416, 8508, 8568, 8620, 8664, 8712, 8832, 8916, 9012, 9117, 9144, 9420, 9432, 9540, 9588, 9600, 9640, 10125, 10176, 10212, 10264, 10272, 10288, 10344, 10368, 10428, 10452, 10512, 10524, 10584, 10744, 10968, 11205, 11280, 11308, 11388, 11460, 11616, 11640, 11844, 12012, 12120, 12168, 12220, 12316, 12396, 12696, 12708, 12732, 12744, 12780, 12960, 13116, 13236, 13240, 13344, 13548, 13560, 13572, 13704, 13800, 13824, 13908, 13996, 14100, 14112, 14196, 14256, 14724, 14836, 15000, 15036, 15324, 15372, 15676, 15768, 15784, 15832, 16200, 16224, 16476, 16684, 16740, 16768, 16800, 16980, 17104, 17188, 17232, 17316, 17496, 17640, 17656, 17704, 17916, 18024, 18324, 18432, 18468, 18516, 18660, 18816, 18900, 19036, 19116, 19284, 19308, 19368, 19656, 19752, 20184, 20200, 20388, 20404, 20580, 20808, 20824, 20880, 20928, 21096, 21144, 21300, 21556, 21588, 21600, 21880, 21960, 22020, 22152, 22176, 22308, 22416, 22516, 22812, 22912, 22920, 22932, 23004, 23008, 23064, 23160, 23224, 23316, 23328, 23460, 23532, 23676, 23752, 23808, 23940, 24304, 24456, 24573, 24576, 24792, 24888, 24948, 25044, 25140, 25236, 25380, 25416, 25632, 25800, 25836, 25992, 26004, 26136, 26388, 26808, 26844, 27180, 27228, 27300, 27564, 27744, 27936, 28764, 28800, 28864, 28920, 29136, 29400, 29580, 29676, 29692, 29700, 29944, 30036, 30084, 31080, 31104, 31752, 32028, 32184, 32352, 32544, 32856, 32952, 32980, 33144, 33204, 33360, 33444, 34656, 34684, 34848, 34872, 34908, 35196, 35292, 35412, 35472, 35964, 36504, 36756, 36900, 37884, 37932, 37980, 38088, 38268, 38376, 38400, 38520, 38652, 38820, 38844, 38904, 39288, 39936, 40104, 40344, 40428, 40632, 40680, 40740, 41064, 41472, 41508, 42336, 42556, 43068, 43116, 43188, 43581, 43948, 44124, 44244, 44280, 44376, 45000, 45072, 45300, 45396, 45468, 45480, 45720, 45780, 46116, 46212, 46392, 46464, 46596, 46720, 46980, 47160, 47736, 47916, 48060, 48096, 48600, 48672, 48732, 49020, 49276, 49404, 49584, 49668, 50284, 50460, 50620, 50760, 50784, 50832, 50904, 50928, 51360, 51372, 51516, 51588, 52488, 52528, 52680, 53016, 53172, 53196, 53220, 53424, 53724, 54372, 54444, 55296, 55380, 55608, 55704, 56448, 57348, 57396, 57624, 57861, 58428, 58440, 58992, 59260, 59388, 59592, 60000, 60552, 60616, 60660, 61056, 61440, 61536, 62100, 62244, 62424, 62592, 62760, 62868, 63264, 64144, 64236, 64500, 64797, 64800, 64896, 65340, 65640, 66120, 66552, 67380, 67416, 67572, 68616, 69192, 69984, 70908, 71160, 72180, 72516, 72600, 72672, 73380, 73728, 74784, 75264, 75612, 76824, 77076, 77916, 77976, 78252, 78408, 78456, 78960, 80736, 81576, 82080, 82368, 82780, 82788, 83040, 83232, 83544, 83952, 84264, 84276, 84552, 85248, 85308, 85368, 86052, 86232, 86400, 87216, 87300, 88164, 88200, 89304, 89680, 89928, 89964, 91120, 91656, 92172, 92256, 92580, 93204, 93312, 93468, 93564, 95100, 95196, 95220, 95256, 95328, 95364, 95556, 96108, 96120, 96684, 97620, 97656, 97908, 97968, 98304, 98524, 98568, 100212, 100264, 100488, 101044, 101400, 101472, 101784, 102576, 102660, 103248, 103872, 103968, 104256, 104544, 105408, 105576, 105852, 107640, 107736, 108216, 109116, 109512, 110976, 112296, 112944, 113160, 113676, 114264, 114540, 115200, 116248, 116388, 116772, 117120, 117564, 117600, 118656, 119028, 119320, 119964, 120360, 120984, 121032, 122904, 123000, 123576, 124392, 124416, 124600, 125844, 127008, 127392, 127896, 128700, 130968, 131424, 131844, 131952, 132072, 133128, 135000, 137976, 138624, 139284, 139392, 142296, 143196, 143328, 144744, 145800, 146016, 147360, 147516, 147960, 148140, 149784, 151140, 152124, 152352, 153600, 157092, 157464, 158940, 159048, 159400, 159484, 160152, 161376, 163320, 163392, 164484, 165336, 165372, 165888, 166176, 168300, 169344, 171180, 172500, 172680, 172872, 173400, 173820, 174228, 175276, 175476, 177504, 180000, 180516, 181656, 181800, 182892, 185856, 187272, 189564, 190044, 190104, 190188, 192372, 192660, 194088, 194400, 194560, 194688, 196500, 197412, 198096, 198744, 202248, 202704, 202980, 203136, 206316, 206380, 207576, 208440, 208620, 209952, 210972, 211536, 211560, 212064, 212184, 214872, 216600, 216684, 217800, 218472, 218628, 219960, 221184, 223860, 225792, 225816, 227448, 228828, 230496, 230872, 231504, 233928, 235224, 235560, 236004, 236988, 240000, 241560, 241656, 242208, 244824, 246492, 249616, 249696, 250632, 250848, 254460, 254616, 254640, 256776, 259200, 259584, 260448, 261504, 263016, 264600, 267564, 267912, 269664, 270588, 274776, 276768, 278148, 278952, 279936, 283200, 285144, 285768, 287340, 289080, 290400, 293500, 293676, 294640, 294912, 295704, 300780, 301056, 304032, 304200, 306456, 310812, 311904, 313632, 317400, 318600, 321084, 322944, 323208, 328536, 332928, 334176, 339864, 342792, 345120, 345600, 349656, 350820, 351384, 352800, 353268, 355500, 356472, 357216, 357336, 362440, 362952, 363096, 369024, 373248, 375000, 381024, 383688, 384444, 387096, 389220, 393216, 394272, 399384, 401472, 405000, 405600, 407700, 411024, 411864, 415872, 418176, 418860, 423300, 423396, 424536, 426888, 430944, 436512, 437400, 438048, 439200, 439932, 442020, 443880, 443904, 445464, 449200, 449352, 450456, 455076, 457056, 458244, 460800, 462744, 463704, 464940, 465108, 470400, 472392, 472968, 477144, 483936, 484128, 490776, 496008, 497664, 504600, 508032, 511584, 516732, 517920, 518616, 520200, 525696, 532512, 532824, 540000, 544968, 547224, 553600, 554496, 557568, 561816, 566316, 569184, 570312, 576600, 577260, 583020, 583200, 584064, 585072, 591576, 596232, 599136, 606744, 606780, 609408, 612660, 614400, 619380, 622104, 622728, 629856, 636192, 637656, 639456, 645504, 646248, 649800, 650460, 651924, 653400, 660060, 661344, 663552, 669336, 677376, 677448, 677760, 685464, 691488, 692100, 693600, 701784, 705672, 710016, 718296, 720000, 726624, 734472, 735000, 736224, 740472, 743424, 749088, 751896, 760416, 763848, 768984, 777600, 778752, 786264, 793800, 794976, 803736, 808992, 812544, 821148, 821400, 824328, 825396, 830304, 836496, 839256, 839808, 848256, 855432, 857304, 866400, 871200, 874284, 875544, 884736, 887112, 893976, 903168, 903264, 908820, 912600, 919368, 921984, 924012, 931416, 935712, 940896, 942624, 950424, 952200, 960000, 968832, 969624, 979296, 985608, 989016, 998784, 1002528, 1008600, 1018464, 1019592, 1028376, 1036800, 1038336, 1048344, 1054152, 1058400, 1068504, 1071648, 1078656, 1088856, 1089288, 1099104, 1107072, 1109400, 1119744, 1125000, 1130136, 1140576, 1143072, 1146900, 1151064, 1161288, 1161600, 1164420, 1172184, 1179648, 1181700, 1182816, 1193496, 1198152, 1204224, 1215000, 1216800, 1225824, 1235592, 1236696, 1247616, 1249152, 1254528, 1258584, 1269600, 1273608, 1280664, 1291776, 1292832, 1302936, 1312200, 1314144, 1325400, 1331712, 1336704, 1348056, 1351368, 1359456, 1370904, 1371168, 1382400, 1391112, 1393944, 1405536, 1411200, 1417176, 1421880, 1428864, 1431432, 1440600, 1451808, 1452384, 1464216, 1472328, 1476096, 1488024, 1492992, 1500000, 1512024, 1513800, 1524096, 1534752, 1536216, 1548384, 1552200, 1555848, 1560600, 1572864, 1577088, 1585176, 1597536, 1598472, 1609944, 1620000, 1622400, 1634904, 1641672, 1647456, 1660056, 1663488, 1672704, 1685400, 1685448, 1698144, 1707552, 1710936, 1723776, 1729800, 1736664, 1741680, 1749600, 1752192, 1762584, 1774728, 1775616, 1788696, 1797408, 1801824, 1815000, 1820232, 1828224, 1831740, 1841496, 1843200, 1854816, 1866312, 1868184, 1881600, 1889568, 1895064, 1908576, 1912968, 1922136, 1935744, 1936512, 1949400, 1960200, 1963104, 1976856, 1984032, 1990656, 2004504, 2008008, 2018400, 2032128, 2032344, 2038200, 2046336, 2056392, 2060376, 2074464, 2080800, 2088600, 2102784, 2102880, 2105352, 2117016, 2130048, 2131296, 2145624, 2154888, 2160000, 2174424, 2179872, 2188896, 2203416, 2205000, 2217984, 2230272, 2232600, 2247264, 2255688, 2261976, 2276736, 2281248, 2291544, 2306400, 2306952, 2321304, 2332800, 2336256, 2351256, 2358792, 2366304, 2381400, 2384928, 2396544, 2411208, 2411736, 2426976, 2437632, 2442264, 2457600, 2464200, 2472984, 2488416, 2490912, 2503896, 2517768, 2519424, 2535000, 2544768, 2550624, 2566296, 2571912, 2582016, 2597784, 2599200, 2613600, 2626632, 2629464, 2645376, 2654208, 2661336, 2677344, 2681928, 2693400, 2709504, 2709792, 2725656, 2737800, 2741856, 2758104, 2765952, 2774400, 2790744, 2794248, 2807136, 2822688, 2823576, 2840064, 2851272, 2856600, 2873184, 2880000, 2889816, 2906496, 2908872, 2923224, 2937888, 2940000, 2956824, 2967048, 2973696, 2990616, 2996352, 3007584, 3024600, 3025800, 3041664, 3055392, 3058776, 3075936, 3085128, 3093144, 3110400, 3115008, 3127704, 3145032, 3145056, 3162456, 3175200, 3179904, 3197400, 3205512, 3214944, 3232536, 3235968, 3250176, 3266568, 3267864, 3285600, 3297312, 3303384, 3321216, 3328200, 3337440, 3339096, 3357024, 3359232, 3375000, 3390408, 3393024, 3411096, 3421728, 3429216, 3447384, 3453192, 3465600, 3483864, 3484800, 3502176, 3516552, 3520536, 3538944, 3548448, 3557400, 3575904, 3580488, 3594456, 3612672, 3613056, 3631704, 3645000, 3650400, 3669144, 3677472, 3687936, 3706776, 3710088, 3725664, 3742848, 3744600, 3763584, 3775752, 3782616, 3801696, 3808800, 3820824, 3840000, 3841992, 3859224, 3875328, 3878496, 3897816, 3908808, 3917184, 3936600, 3942432, 3949020, 3956064, 3975576, 3976200, 3981060, 3995136, 4010112, 4014744, 4034400, 4044168, 4054104, 4073856, 4078368, 4093656, 4112712, 4113504, 4133400, 4147200, 4153344, 4173336, 4181832, 4193376, 4213464, 4216608, 4233600, 4251528, 4253784, 4274016, 4286592, 4294296, 4314624, 4321800, 4335000, 4355424, 4357152, 4375896, 4392648, 4396416, 4416984, 4428288, 4437600, 4458264, 4464072, 4478976, 4499736, 4500000, 4520544, 4536072, 4541400, 4562304, 4572288, 4583256, 4604256, 4608648, 4625304, 4645152, 4646400, 4667544, 4681800, 4688736, 4709976, 4718592, 4731264, 4752600, 4755528, 4773984, 4792608, 4795416, 4816896, 4829832, 4838424, 4860000, 4867200, 4881624, 4903296, 4904712, 4925016, 4942368, 4946784, 4968600, 4980168, 4990464, 5012376, 5018112, 5034336, 5056200, 5056344, 5078400, 5094432, 5100504, 5122656, 5132808, 5144856, 5167104, 5171328, 5189400, 5209992, 5211744, 5234136, 5248800, 5256576, 5279064, 5287752, 5301600, 5324184, 5326848, 5346816, 5366088, 5369496, 5392224, 5405472, 5415000, 5437824, 5445000, 5460696, 5483616, 5484672, 5506584, 5524488, 5529600, 5552664, 5564448, 5575776, 5598936, 5604552, 5622144, 5644800, 5645400, 5668704, 5685192, 5692056, 5715456, 5725728, 5738904, 5762400, 5766408, 5785944, 5807232, 5809536, 5833176, 5848200, 5856864, 5880600, 5889312, 5904384, 5928216, 5930568, 5952096, 5971968, 5976024, 6000000, 6013512, 6024024, 6048096, 6055200, 6072216, 6096384, 6097032, 6120600, 6139008, 6144864, 6169176, 6181128, 6193536, 6217944, 6223392, 6242400, 6265800, 6266904, 6291456, 6308352, 6316056, 6340704, 6351048, 6365400, 6390144, 6393888, 6414936, 6436872, 6439776, 6464664, 6480000, 6489600, 6514584, 6523272, 6539616, 6564696, 6566688, 6589824, 6610248, 6615000, 6640224, 6653952, 6665496, 6690816, 6697800, 6716184, 6741600, 6741792, 6767064, 6785928, 6792576, 6818136, 6830208, 6843744, 6869400, 6874632, 6895104, 6919200, 6920856, 6946656, 6963912, 6972504, 6998400, 7008768, 7024344, 7050336, 7053768, 7076376, 7098912, 7102464, 7128600, 7144200, 7154784, 7181016, 7189632, 7207296, 7233624, 7235208, 7260000, 7280928, 7286424, 7312896, 7326792, 7339416, 7354464, 7365984, 7372800, 7392600, 7418952, 7419264, 7445976, 7465248, 7472736, 7499544, 7511688, 7526400, 7553304, 7558272, 7580256, 7605000, 7607256, 7634304, 7651872, 7661400, 7688544, 7698888, 7715736, 7742976, 7746048, 7770264, 7793352, 7797600, 7824984, 7840800, 7852416, 7879896, 7888392, 7907424, 7935000, 7936128, 7962624, 7984008, 7990296, 8018016, 8032032, 8045784, 8073600, 8080200, 8101464, 8128512, 8129376, 8157336, 8176968, 8185344, 8213400, 8225568, 8241504, 8269656, 8274312, 8297856, 8323200, 8326104, 8354400, 8372232, 8382744, 8411136, 8421408, 8439576, 8468064, 8470728, 8496600, 8520192, 8525184, 8553816, 8569800, 8582496, 8611224, 8619552, 8640000, 8668824, 8669448, 8697696, 8719488, 8726616, 8755584, 8769672, 8784600, 8813664, 8820000, 8842776, 8870472, 8871936, 8901144, 8921088, 8930400, 8959704, 8971848, 8989056, 9018456, 9022752, 9047904, 9073800, 9077400, 9106944, 9124992, 9136536, 9166176, 9176328, 9195864, 9225600, 9227808, 9255384, 9279432, 9285216, 9315096, 9331200, 9345024, 9375000, 9383112, 9405024, 9435096, 9435168, 9465216, 9487368, 9495384, 9525600, 9539712, 9555864, 9586176, 9592200, 9616536, 9644832, 9646944, 9677400, 9697608, 9707904, 9738456, 9750528, 9769056, 9799704, 9803592, 9830400, 9856800, 9861144, 9891936, 9910152, 9922776, 9953664, 9963648, 9984600]
Time: Thu Apr 16 04:40:58 2015

