nohup: ignoring input
==========
Running seek with root {-2,3,6,7,} and ceiling 5000000000
Time: Thu May 28 15:37:59 2015

In seek
making child 0...
making child 1...
making child 2...
I'm child 0
Running fuchsian
I'm child 1
Running fuchsian
I'm child 2
Running fuchsian
exiting child 0
one child finished, waiting on it
one child finished, waiting on it
exiting child 1
exiting child 2
one child finished, waiting on it
Time: Sat May 30 03:48:14 2015

Running genealogy
Time: Sat May 30 03:48:14 2015

Running valuesOf
Time: Sat May 30 03:48:14 2015

Running path and compare

 Length=8569 [18, 30, 46, 51, 78, 123, 126, 135, 162, 186, 198, 211, 219, 270, 414, 450, 510, 526, 534, 555, 591, 634, 639, 646, 651, 750, 786, 807, 819, 882, 891, 942, 963, 970, 975, 991, 1047, 1074, 1206, 1266, 1275, 1330, 1374, 1422, 1446, 1458, 1479, 1506, 1614, 1635, 1878, 1899, 1911, 1954, 1971, 2034, 2046, 2067, 2074, 2079, 2130, 2151, 2178, 2179, 2206, 2370, 2394, 2430, 2487, 2499, 2514, 2571, 2754, 2766, 2878, 2958, 3042, 3090, 3154, 3159, 3234, 3319, 3339, 3474, 3483, 3490, 3571, 3642, 3726, 4050, 4446, 4579, 4650, 4890, 5091, 5151, 5202, 5262, 5370, 5574, 5667, 5730, 5982, 5994, 6094, 6294, 6498, 6535, 6631, 6750, 6787, 7102, 7251, 7270, 7338, 7410, 7515, 7650, 7914, 7938, 8226, 8346, 8766, 8775, 8814, 9027, 9039, 9066, 9522, 9627, 9711, 9954, 10294, 10578, 11230, 11250, 11454, 11475, 11622, 11655, 11755, 11874, 12030, 12495, 12735, 12867, 13122, 13335, 13554, 13563, 13575, 14310, 14322, 14335, 14394, 14515, 14646, 15087, 15138, 15555, 15630, 15675, 16431, 16494, 16830, 17154, 17298, 17574, 18006, 18510, 18558, 18670, 19455, 19602, 20295, 20910, 21735, 21870, 22050, 22338, 22647, 22974, 23610, 24126, 24243, 24642, 24747, 25134, 26742, 27099, 27378, 27750, 27939, 29799, 30207, 30258, 30375, 30879, 30891, 30990, 31530, 31950, 33255, 33282, 34350, 35919, 36450, 36591, 38586, 39762, 40290, 40314, 42270, 43170, 43218, 43950, 45066, 45798, 45915, 46290, 46530, 46818, 50562, 51774, 52830, 53022, 53715, 54246, 54450, 54618, 55050, 55539, 58410, 58482, 58935, 59922, 62658, 64275, 66399, 66978, 71442, 71619, 76050, 78990, 80271, 80802, 83535, 85698, 86550, 89055, 90738, 94731, 95922, 100206, 101250, 101511, 102978, 106110, 106722, 109755, 111630, 112338, 116922, 118098, 118575, 122775, 124002, 127530, 130050, 136242, 142230, 142578, 149058, 154722, 155682, 156234, 162450, 163515, 169362, 176418, 183618, 190962, 198450, 205122, 206082, 209610, 213858, 214110, 221778, 229842, 238050, 246402, 247230, 254622, 254898, 263538, 272322, 281250, 290322, 299538, 308898, 318402, 328050, 337842, 347778, 357858, 368082, 378450, 388962, 399618, 410418, 421362, 429039, 432450, 443682, 455058, 466578, 478242, 490050, 502002, 514098, 526338, 538722, 551250, 563922, 576738, 589698, 602802, 616050, 629442, 642978, 656658, 670482, 684450, 698562, 712818, 727218, 741762, 756450, 771282, 786258, 801378, 816642, 832050, 847602, 863298, 879138, 895122, 911250, 927522, 943938, 960498, 977202, 994050, 1011042, 1028178, 1045458, 1062882, 1080450, 1098162, 1116018, 1134018, 1152162, 1170450, 1188882, 1207458, 1226178, 1245042, 1264050, 1283202, 1302498, 1321938, 1341522, 1361250, 1381122, 1401138, 1421298, 1441602, 1462050, 1482642, 1503378, 1524258, 1545282, 1566450, 1587762, 1609218, 1630818, 1652562, 1674450, 1696482, 1718658, 1740978, 1763442, 1786050, 1808802, 1831698, 1854738, 1877922, 1901250, 1924722, 1948338, 1972098, 1996002, 2020050, 2044242, 2068578, 2093058, 2117682, 2142450, 2167362, 2192418, 2217618, 2242962, 2268450, 2294082, 2319858, 2345778, 2371842, 2398050, 2424402, 2450898, 2477538, 2504322, 2531250, 2558322, 2585538, 2612898, 2640402, 2668050, 2695842, 2723778, 2751858, 2780082, 2808450, 2836962, 2865618, 2894418, 2923362, 2952450, 2981682, 3011058, 3040578, 3070242, 3100050, 3130002, 3160098, 3190338, 3220722, 3251250, 3281922, 3312738, 3343698, 3374802, 3406050, 3437442, 3468978, 3500658, 3532482, 3564450, 3596562, 3628818, 3661218, 3693762, 3726450, 3759282, 3792258, 3825378, 3858642, 3892050, 3925602, 3959298, 3993138, 4027122, 4061250, 4095522, 4129938, 4164498, 4199202, 4234050, 4269042, 4304178, 4339458, 4374882, 4410450, 4446162, 4482018, 4518018, 4554162, 4590450, 4626882, 4663458, 4700178, 4737042, 4774050, 4811202, 4848498, 4885938, 4923522, 4961250, 4999122, 5037138, 5075298, 5113602, 5152050, 5190642, 5229378, 5268258, 5307282, 5346450, 5385762, 5425218, 5464818, 5504562, 5544450, 5584482, 5624658, 5664978, 5705442, 5746050, 5786802, 5827698, 5868738, 5909922, 5951250, 5992722, 6034338, 6076098, 6118002, 6160050, 6202242, 6244578, 6287058, 6329682, 6372450, 6415362, 6458418, 6501618, 6544962, 6588450, 6632082, 6675858, 6719778, 6763842, 6808050, 6852402, 6896898, 6941538, 6986322, 7031250, 7076322, 7121538, 7166898, 7212402, 7258050, 7303842, 7349778, 7395858, 7442082, 7488450, 7534962, 7581618, 7628418, 7675362, 7722450, 7769682, 7817058, 7864578, 7912242, 7960050, 8008002, 8056098, 8104338, 8152722, 8201250, 8249922, 8298738, 8347698, 8396802, 8446050, 8495442, 8544978, 8594658, 8644482, 8694450, 8744562, 8794818, 8845218, 8895762, 8946450, 8997282, 9048258, 9099378, 9150642, 9202050, 9253602, 9305298, 9357138, 9409122, 9461250, 9513522, 9565938, 9618498, 9671202, 9724050, 9777042, 9830178, 9883458, 9936882, 9990450, 10044162, 10098018, 10152018, 10206162, 10260450, 10314882, 10369458, 10424178, 10479042, 10534050, 10589202, 10644498, 10699938, 10755522, 10811250, 10867122, 10923138, 10979298, 11035602, 11092050, 11148642, 11205378, 11262258, 11319282, 11376450, 11433762, 11491218, 11548818, 11606562, 11664450, 11722482, 11780658, 11838978, 11897442, 11956050, 12014802, 12073698, 12132738, 12191922, 12251250, 12310722, 12370338, 12430098, 12490002, 12550050, 12610242, 12670578, 12731058, 12791682, 12852450, 12913362, 12974418, 13035618, 13096962, 13158450, 13220082, 13281858, 13343778, 13405842, 13468050, 13530402, 13592898, 13655538, 13718322, 13781250, 13844322, 13907538, 13970898, 14034402, 14098050, 14161842, 14225778, 14289858, 14354082, 14418450, 14482962, 14547618, 14612418, 14677362, 14742450, 14807682, 14873058, 14938578, 15004242, 15070050, 15136002, 15202098, 15268338, 15334722, 15401250, 15467922, 15534738, 15601698, 15668802, 15736050, 15803442, 15870978, 15938658, 16006482, 16074450, 16142562, 16210818, 16279218, 16347762, 16416450, 16485282, 16554258, 16623378, 16692642, 16762050, 16831602, 16901298, 16971138, 17041122, 17111250, 17181522, 17251938, 17322498, 17393202, 17464050, 17535042, 17606178, 17677458, 17748882, 17820450, 17892162, 17964018, 18036018, 18108162, 18180450, 18252882, 18325458, 18398178, 18471042, 18544050, 18617202, 18690498, 18763938, 18837522, 18911250, 18985122, 19059138, 19133298, 19207602, 19282050, 19356642, 19431378, 19506258, 19581282, 19656450, 19731762, 19807218, 19882818, 19958562, 20034450, 20110482, 20186658, 20262978, 20339442, 20416050, 20492802, 20569698, 20646738, 20723922, 20801250, 20878722, 20956338, 21034098, 21112002, 21190050, 21268242, 21346578, 21425058, 21503682, 21582450, 21661362, 21740418, 21819618, 21898962, 21978450, 22058082, 22137858, 22217778, 22297842, 22378050, 22458402, 22538898, 22619538, 22700322, 22781250, 22862322, 22943538, 23024898, 23106402, 23188050, 23269842, 23351778, 23433858, 23516082, 23598450, 23680962, 23763618, 23846418, 23929362, 24012450, 24095682, 24179058, 24262578, 24346242, 24430050, 24514002, 24598098, 24682338, 24766722, 24851250, 24935922, 25020738, 25105698, 25190802, 25276050, 25361442, 25446978, 25532658, 25618482, 25704450, 25790562, 25876818, 25963218, 26049762, 26136450, 26223282, 26310258, 26397378, 26484642, 26572050, 26659602, 26747298, 26835138, 26923122, 27011250, 27099522, 27187938, 27276498, 27365202, 27454050, 27543042, 27632178, 27721458, 27810882, 27900450, 27990162, 28080018, 28170018, 28260162, 28350450, 28440882, 28531458, 28622178, 28713042, 28804050, 28895202, 28986498, 29077938, 29169522, 29261250, 29353122, 29445138, 29537298, 29629602, 29722050, 29814642, 29907378, 30000258, 30093282, 30186450, 30279762, 30373218, 30466818, 30560562, 30654450, 30748482, 30842658, 30936978, 31031442, 31126050, 31220802, 31315698, 31410738, 31505922, 31601250, 31696722, 31792338, 31888098, 31984002, 32080050, 32176242, 32272578, 32369058, 32465682, 32562450, 32659362, 32756418, 32853618, 32950962, 33048450, 33146082, 33243858, 33341778, 33439842, 33538050, 33636402, 33734898, 33833538, 33932322, 34031250, 34130322, 34229538, 34328898, 34428402, 34528050, 34627842, 34727778, 34827858, 34928082, 35028450, 35128962, 35229618, 35330418, 35431362, 35532450, 35633682, 35735058, 35836578, 35938242, 36040050, 36142002, 36244098, 36346338, 36448722, 36551250, 36653922, 36756738, 36859698, 36962802, 37066050, 37169442, 37272978, 37376658, 37480482, 37584450, 37688562, 37792818, 37897218, 38001762, 38106450, 38211282, 38316258, 38421378, 38526642, 38632050, 38737602, 38843298, 38949138, 39055122, 39161250, 39267522, 39373938, 39480498, 39587202, 39694050, 39801042, 39908178, 40015458, 40122882, 40230450, 40338162, 40446018, 40554018, 40662162, 40770450, 40878882, 40987458, 41096178, 41205042, 41314050, 41423202, 41532498, 41641938, 41751522, 41861250, 41971122, 42081138, 42191298, 42301602, 42412050, 42522642, 42633378, 42744258, 42855282, 42966450, 43077762, 43189218, 43300818, 43412562, 43524450, 43636482, 43748658, 43860978, 43973442, 44086050, 44198802, 44311698, 44424738, 44537922, 44651250, 44764722, 44878338, 44992098, 45106002, 45220050, 45334242, 45448578, 45563058, 45677682, 45792450, 45907362, 46022418, 46137618, 46252962, 46368450, 46484082, 46599858, 46715778, 46831842, 46948050, 47064402, 47180898, 47297538, 47414322, 47531250, 47648322, 47765538, 47882898, 48000402, 48118050, 48235842, 48353778, 48471858, 48590082, 48708450, 48826962, 48945618, 49064418, 49183362, 49302450, 49421682, 49541058, 49660578, 49780242, 49900050, 50020002, 50140098, 50260338, 50380722, 50501250, 50621922, 50742738, 50863698, 50984802, 51106050, 51227442, 51348978, 51470658, 51592482, 51714450, 51836562, 51958818, 52081218, 52203762, 52326450, 52449282, 52572258, 52695378, 52818642, 52942050, 53065602, 53189298, 53313138, 53437122, 53561250, 53685522, 53809938, 53934498, 54059202, 54184050, 54309042, 54434178, 54559458, 54684882, 54810450, 54936162, 55062018, 55188018, 55314162, 55440450, 55566882, 55693458, 55820178, 55947042, 56074050, 56201202, 56328498, 56455938, 56583522, 56711250, 56839122, 56967138, 57095298, 57223602, 57352050, 57480642, 57609378, 57738258, 57867282, 57996450, 58125762, 58255218, 58384818, 58514562, 58644450, 58774482, 58904658, 59034978, 59165442, 59296050, 59426802, 59557698, 59688738, 59819922, 59951250, 60082722, 60214338, 60346098, 60478002, 60610050, 60742242, 60874578, 61007058, 61139682, 61272450, 61405362, 61538418, 61671618, 61804962, 61938450, 62072082, 62205858, 62339778, 62473842, 62608050, 62742402, 62876898, 63011538, 63146322, 63281250, 63416322, 63551538, 63686898, 63822402, 63958050, 64093842, 64229778, 64365858, 64502082, 64638450, 64774962, 64911618, 65048418, 65185362, 65322450, 65459682, 65597058, 65734578, 65872242, 66010050, 66148002, 66286098, 66424338, 66562722, 66701250, 66839922, 66978738, 67117698, 67256802, 67396050, 67535442, 67674978, 67814658, 67954482, 68094450, 68234562, 68374818, 68515218, 68655762, 68796450, 68937282, 69078258, 69219378, 69360642, 69502050, 69643602, 69785298, 69927138, 70069122, 70211250, 70353522, 70495938, 70638498, 70781202, 70924050, 71067042, 71210178, 71353458, 71496882, 71640450, 71784162, 71928018, 72072018, 72216162, 72360450, 72504882, 72649458, 72794178, 72939042, 73084050, 73229202, 73374498, 73519938, 73665522, 73811250, 73957122, 74103138, 74249298, 74395602, 74542050, 74688642, 74835378, 74982258, 75129282, 75276450, 75423762, 75571218, 75718818, 75866562, 76014450, 76162482, 76310658, 76458978, 76607442, 76756050, 76904802, 77053698, 77202738, 77351922, 77501250, 77650722, 77800338, 77950098, 78100002, 78250050, 78400242, 78550578, 78701058, 78851682, 79002450, 79153362, 79304418, 79455618, 79606962, 79758450, 79910082, 80061858, 80213778, 80365842, 80518050, 80670402, 80822898, 80975538, 81128322, 81281250, 81434322, 81587538, 81740898, 81894402, 82048050, 82201842, 82355778, 82509858, 82664082, 82818450, 82972962, 83127618, 83282418, 83437362, 83592450, 83747682, 83903058, 84058578, 84214242, 84370050, 84526002, 84682098, 84838338, 84994722, 85151250, 85307922, 85464738, 85621698, 85778802, 85936050, 86093442, 86250978, 86408658, 86566482, 86724450, 86882562, 87040818, 87199218, 87357762, 87516450, 87675282, 87834258, 87993378, 88152642, 88312050, 88471602, 88631298, 88791138, 88951122, 89111250, 89271522, 89431938, 89592498, 89753202, 89914050, 90075042, 90236178, 90397458, 90558882, 90720450, 90882162, 91044018, 91206018, 91368162, 91530450, 91692882, 91855458, 92018178, 92181042, 92344050, 92507202, 92670498, 92833938, 92997522, 93161250, 93325122, 93489138, 93653298, 93817602, 93982050, 94146642, 94311378, 94476258, 94641282, 94806450, 94971762, 95137218, 95302818, 95468562, 95634450, 95800482, 95966658, 96132978, 96299442, 96466050, 96632802, 96799698, 96966738, 97133922, 97301250, 97468722, 97636338, 97804098, 97972002, 98140050, 98308242, 98476578, 98645058, 98813682, 98982450, 99151362, 99320418, 99489618, 99658962, 99828450, 99998082, 100167858, 100337778, 100507842, 100678050, 100848402, 101018898, 101189538, 101360322, 101531250, 101702322, 101873538, 102044898, 102216402, 102388050, 102559842, 102731778, 102903858, 103076082, 103248450, 103420962, 103593618, 103766418, 103939362, 104112450, 104285682, 104459058, 104632578, 104806242, 104980050, 105154002, 105328098, 105502338, 105676722, 105851250, 106025922, 106200738, 106375698, 106550802, 106726050, 106901442, 107076978, 107252658, 107428482, 107604450, 107780562, 107956818, 108133218, 108309762, 108486450, 108663282, 108840258, 109017378, 109194642, 109372050, 109549602, 109727298, 109905138, 110083122, 110261250, 110439522, 110617938, 110796498, 110975202, 111154050, 111333042, 111512178, 111691458, 111870882, 112050450, 112230162, 112410018, 112590018, 112770162, 112950450, 113130882, 113311458, 113492178, 113673042, 113854050, 114035202, 114216498, 114397938, 114579522, 114761250, 114943122, 115125138, 115307298, 115489602, 115672050, 115854642, 116037378, 116220258, 116403282, 116586450, 116769762, 116953218, 117136818, 117320562, 117504450, 117688482, 117872658, 118056978, 118241442, 118426050, 118610802, 118795698, 118980738, 119165922, 119351250, 119536722, 119722338, 119908098, 120094002, 120280050, 120466242, 120652578, 120839058, 121025682, 121212450, 121399362, 121586418, 121773618, 121960962, 122148450, 122336082, 122523858, 122711778, 122899842, 123088050, 123276402, 123464898, 123653538, 123842322, 124031250, 124220322, 124409538, 124598898, 124788402, 124978050, 125167842, 125357778, 125547858, 125738082, 125928450, 126118962, 126309618, 126500418, 126691362, 126882450, 127073682, 127265058, 127456578, 127648242, 127840050, 128032002, 128224098, 128416338, 128608722, 128801250, 128993922, 129186738, 129379698, 129572802, 129766050, 129959442, 130152978, 130346658, 130540482, 130734450, 130928562, 131122818, 131317218, 131511762, 131706450, 131901282, 132096258, 132291378, 132486642, 132682050, 132877602, 133073298, 133269138, 133465122, 133661250, 133857522, 134053938, 134250498, 134447202, 134644050, 134841042, 135038178, 135235458, 135432882, 135630450, 135828162, 136026018, 136224018, 136422162, 136620450, 136818882, 137017458, 137216178, 137415042, 137614050, 137813202, 138012498, 138211938, 138411522, 138611250, 138811122, 139011138, 139211298, 139411602, 139612050, 139812642, 140013378, 140214258, 140415282, 140616450, 140817762, 141019218, 141220818, 141422562, 141624450, 141826482, 142028658, 142230978, 142433442, 142636050, 142838802, 143041698, 143244738, 143447922, 143651250, 143854722, 144058338, 144262098, 144466002, 144670050, 144874242, 145078578, 145283058, 145487682, 145692450, 145897362, 146102418, 146307618, 146512962, 146718450, 146924082, 147129858, 147335778, 147541842, 147748050, 147954402, 148160898, 148367538, 148574322, 148781250, 148988322, 149195538, 149402898, 149610402, 149818050, 150025842, 150233778, 150441858, 150650082, 150858450, 151066962, 151275618, 151484418, 151693362, 151902450, 152111682, 152321058, 152530578, 152740242, 152950050, 153160002, 153370098, 153580338, 153790722, 154001250, 154211922, 154422738, 154633698, 154844802, 155056050, 155267442, 155478978, 155690658, 155902482, 156114450, 156326562, 156538818, 156751218, 156963762, 157176450, 157389282, 157602258, 157815378, 158028642, 158242050, 158455602, 158669298, 158883138, 159097122, 159311250, 159525522, 159739938, 159954498, 160169202, 160384050, 160599042, 160814178, 161029458, 161244882, 161460450, 161676162, 161892018, 162108018, 162324162, 162540450, 162756882, 162973458, 163190178, 163407042, 163624050, 163841202, 164058498, 164275938, 164493522, 164711250, 164929122, 165147138, 165365298, 165583602, 165802050, 166020642, 166239378, 166458258, 166677282, 166896450, 167115762, 167335218, 167554818, 167774562, 167994450, 168214482, 168434658, 168654978, 168875442, 169096050, 169316802, 169537698, 169758738, 169979922, 170201250, 170422722, 170644338, 170866098, 171088002, 171310050, 171532242, 171754578, 171977058, 172199682, 172422450, 172645362, 172868418, 173091618, 173314962, 173538450, 173762082, 173985858, 174209778, 174433842, 174658050, 174882402, 175106898, 175331538, 175556322, 175781250, 176006322, 176231538, 176456898, 176682402, 176908050, 177133842, 177359778, 177585858, 177812082, 178038450, 178264962, 178491618, 178718418, 178945362, 179172450, 179399682, 179627058, 179854578, 180082242, 180310050, 180538002, 180766098, 180994338, 181222722, 181451250, 181679922, 181908738, 182137698, 182366802, 182596050, 182825442, 183054978, 183284658, 183514482, 183744450, 183974562, 184204818, 184435218, 184665762, 184896450, 185127282, 185358258, 185589378, 185820642, 186052050, 186283602, 186515298, 186747138, 186979122, 187211250, 187443522, 187675938, 187908498, 188141202, 188374050, 188607042, 188840178, 189073458, 189306882, 189540450, 189774162, 190008018, 190242018, 190476162, 190710450, 190944882, 191179458, 191414178, 191649042, 191884050, 192119202, 192354498, 192589938, 192825522, 193061250, 193297122, 193533138, 193769298, 194005602, 194242050, 194478642, 194715378, 194952258, 195189282, 195426450, 195663762, 195901218, 196138818, 196376562, 196614450, 196852482, 197090658, 197328978, 197567442, 197806050, 198044802, 198283698, 198522738, 198761922, 199001250, 199240722, 199480338, 199720098, 199960002, 200200050, 200440242, 200680578, 200921058, 201161682, 201402450, 201643362, 201884418, 202125618, 202366962, 202608450, 202850082, 203091858, 203333778, 203575842, 203818050, 204060402, 204302898, 204545538, 204788322, 205031250, 205274322, 205517538, 205760898, 206004402, 206248050, 206491842, 206735778, 206979858, 207224082, 207468450, 207712962, 207957618, 208202418, 208447362, 208692450, 208937682, 209183058, 209428578, 209674242, 209920050, 210166002, 210412098, 210658338, 210904722, 211151250, 211397922, 211644738, 211891698, 212138802, 212386050, 212633442, 212880978, 213128658, 213376482, 213624450, 213872562, 214120818, 214369218, 214617762, 214866450, 215115282, 215364258, 215613378, 215862642, 216112050, 216361602, 216611298, 216861138, 217111122, 217361250, 217611522, 217861938, 218112498, 218363202, 218614050, 218865042, 219116178, 219367458, 219618882, 219870450, 220122162, 220374018, 220626018, 220878162, 221130450, 221382882, 221635458, 221888178, 222141042, 222394050, 222647202, 222900498, 223153938, 223407522, 223661250, 223915122, 224169138, 224423298, 224677602, 224932050, 225186642, 225441378, 225696258, 225951282, 226206450, 226461762, 226717218, 226972818, 227228562, 227484450, 227740482, 227996658, 228252978, 228509442, 228766050, 229022802, 229279698, 229536738, 229793922, 230051250, 230308722, 230566338, 230824098, 231082002, 231340050, 231598242, 231856578, 232115058, 232373682, 232632450, 232891362, 233150418, 233409618, 233668962, 233928450, 234188082, 234447858, 234707778, 234967842, 235228050, 235488402, 235748898, 236009538, 236270322, 236531250, 236792322, 237053538, 237314898, 237576402, 237838050, 238099842, 238361778, 238623858, 238886082, 239148450, 239410962, 239673618, 239936418, 240199362, 240462450, 240725682, 240989058, 241252578, 241516242, 241780050, 242044002, 242308098, 242572338, 242836722, 243101250, 243365922, 243630738, 243895698, 244160802, 244426050, 244691442, 244956978, 245222658, 245488482, 245754450, 246020562, 246286818, 246553218, 246819762, 247086450, 247353282, 247620258, 247887378, 248154642, 248422050, 248689602, 248957298, 249225138, 249493122, 249761250, 250029522, 250297938, 250566498, 250835202, 251104050, 251373042, 251642178, 251911458, 252180882, 252450450, 252720162, 252990018, 253260018, 253530162, 253800450, 254070882, 254341458, 254612178, 254883042, 255154050, 255425202, 255696498, 255967938, 256239522, 256511250, 256783122, 257055138, 257327298, 257599602, 257872050, 258144642, 258417378, 258690258, 258963282, 259236450, 259509762, 259783218, 260056818, 260330562, 260604450, 260878482, 261152658, 261426978, 261701442, 261976050, 262250802, 262525698, 262800738, 263075922, 263351250, 263626722, 263902338, 264178098, 264454002, 264730050, 265006242, 265282578, 265559058, 265835682, 266112450, 266389362, 266666418, 266943618, 267220962, 267498450, 267776082, 268053858, 268331778, 268609842, 268888050, 269166402, 269444898, 269723538, 270002322, 270281250, 270560322, 270839538, 271118898, 271398402, 271678050, 271957842, 272237778, 272517858, 272798082, 273078450, 273358962, 273639618, 273920418, 274201362, 274482450, 274763682, 275045058, 275326578, 275608242, 275890050, 276172002, 276454098, 276736338, 277018722, 277301250, 277583922, 277866738, 278149698, 278432802, 278716050, 278999442, 279282978, 279566658, 279850482, 280134450, 280418562, 280702818, 280987218, 281271762, 281556450, 281841282, 282126258, 282411378, 282696642, 282982050, 283267602, 283553298, 283839138, 284125122, 284411250, 284697522, 284983938, 285270498, 285557202, 285844050, 286131042, 286418178, 286705458, 286992882, 287280450, 287568162, 287856018, 288144018, 288432162, 288720450, 289008882, 289297458, 289586178, 289875042, 290164050, 290453202, 290742498, 291031938, 291321522, 291611250, 291901122, 292191138, 292481298, 292771602, 293062050, 293352642, 293643378, 293934258, 294225282, 294516450, 294807762, 295099218, 295390818, 295682562, 295974450, 296266482, 296558658, 296850978, 297143442, 297436050, 297728802, 298021698, 298314738, 298607922, 298901250, 299194722, 299488338, 299782098, 300076002, 300370050, 300664242, 300958578, 301253058, 301547682, 301842450, 302137362, 302432418, 302727618, 303022962, 303318450, 303614082, 303909858, 304205778, 304501842, 304798050, 305094402, 305390898, 305687538, 305984322, 306281250, 306578322, 306875538, 307172898, 307470402, 307768050, 308065842, 308363778, 308661858, 308960082, 309258450, 309556962, 309855618, 310154418, 310453362, 310752450, 311051682, 311351058, 311650578, 311950242, 312250050, 312550002, 312850098, 313150338, 313450722, 313751250, 314051922, 314352738, 314653698, 314954802, 315256050, 315557442, 315858978, 316160658, 316462482, 316764450, 317066562, 317368818, 317671218, 317973762, 318276450, 318579282, 318882258, 319185378, 319488642, 319792050, 320095602, 320399298, 320703138, 321007122, 321311250, 321615522, 321919938, 322224498, 322529202, 322834050, 323139042, 323444178, 323749458, 324054882, 324360450, 324666162, 324972018, 325278018, 325584162, 325890450, 326196882, 326503458, 326810178, 327117042, 327424050, 327731202, 328038498, 328345938, 328653522, 328961250, 329269122, 329577138, 329885298, 330193602, 330502050, 330810642, 331119378, 331428258, 331737282, 332046450, 332355762, 332665218, 332974818, 333284562, 333594450, 333904482, 334214658, 334524978, 334835442, 335146050, 335456802, 335767698, 336078738, 336389922, 336701250, 337012722, 337324338, 337636098, 337948002, 338260050, 338572242, 338884578, 339197058, 339509682, 339822450, 340135362, 340448418, 340761618, 341074962, 341388450, 341702082, 342015858, 342329778, 342643842, 342958050, 343272402, 343586898, 343901538, 344216322, 344531250, 344846322, 345161538, 345476898, 345792402, 346108050, 346423842, 346739778, 347055858, 347372082, 347688450, 348004962, 348321618, 348638418, 348955362, 349272450, 349589682, 349907058, 350224578, 350542242, 350860050, 351178002, 351496098, 351814338, 352132722, 352451250, 352769922, 353088738, 353407698, 353726802, 354046050, 354365442, 354684978, 355004658, 355324482, 355644450, 355964562, 356284818, 356605218, 356925762, 357246450, 357567282, 357888258, 358209378, 358530642, 358852050, 359173602, 359495298, 359817138, 360139122, 360461250, 360783522, 361105938, 361428498, 361751202, 362074050, 362397042, 362720178, 363043458, 363366882, 363690450, 364014162, 364338018, 364662018, 364986162, 365310450, 365634882, 365959458, 366284178, 366609042, 366934050, 367259202, 367584498, 367909938, 368235522, 368561250, 368887122, 369213138, 369539298, 369865602, 370192050, 370518642, 370845378, 371172258, 371499282, 371826450, 372153762, 372481218, 372808818, 373136562, 373464450, 373792482, 374120658, 374448978, 374777442, 375106050, 375434802, 375763698, 376092738, 376421922, 376751250, 377080722, 377410338, 377740098, 378070002, 378400050, 378730242, 379060578, 379391058, 379721682, 380052450, 380383362, 380714418, 381045618, 381376962, 381708450, 382040082, 382371858, 382703778, 383035842, 383368050, 383700402, 384032898, 384365538, 384698322, 385031250, 385364322, 385697538, 386030898, 386364402, 386698050, 387031842, 387365778, 387699858, 388034082, 388368450, 388702962, 389037618, 389372418, 389707362, 390042450, 390377682, 390713058, 391048578, 391384242, 391720050, 392056002, 392392098, 392728338, 393064722, 393401250, 393737922, 394074738, 394411698, 394748802, 395086050, 395423442, 395760978, 396098658, 396436482, 396774450, 397112562, 397450818, 397789218, 398127762, 398466450, 398805282, 399144258, 399483378, 399822642, 400162050, 400501602, 400841298, 401181138, 401521122, 401861250, 402201522, 402541938, 402882498, 403223202, 403564050, 403905042, 404246178, 404587458, 404928882, 405270450, 405612162, 405954018, 406296018, 406638162, 406980450, 407322882, 407665458, 408008178, 408351042, 408694050, 409037202, 409380498, 409723938, 410067522, 410411250, 410755122, 411099138, 411443298, 411787602, 412132050, 412476642, 412821378, 413166258, 413511282, 413856450, 414201762, 414547218, 414892818, 415238562, 415584450, 415930482, 416276658, 416622978, 416969442, 417316050, 417662802, 418009698, 418356738, 418703922, 419051250, 419398722, 419746338, 420094098, 420442002, 420790050, 421138242, 421486578, 421835058, 422183682, 422532450, 422881362, 423230418, 423579618, 423928962, 424278450, 424628082, 424977858, 425327778, 425677842, 426028050, 426378402, 426728898, 427079538, 427430322, 427781250, 428132322, 428483538, 428834898, 429186402, 429538050, 429889842, 430241778, 430593858, 430946082, 431298450, 431650962, 432003618, 432356418, 432709362, 433062450, 433415682, 433769058, 434122578, 434476242, 434830050, 435184002, 435538098, 435892338, 436246722, 436601250, 436955922, 437310738, 437665698, 438020802, 438376050, 438731442, 439086978, 439442658, 439798482, 440154450, 440510562, 440866818, 441223218, 441579762, 441936450, 442293282, 442650258, 443007378, 443364642, 443722050, 444079602, 444437298, 444795138, 445153122, 445511250, 445869522, 446227938, 446586498, 446945202, 447304050, 447663042, 448022178, 448381458, 448740882, 449100450, 449460162, 449820018, 450180018, 450540162, 450900450, 451260882, 451621458, 451982178, 452343042, 452704050, 453065202, 453426498, 453787938, 454149522, 454511250, 454873122, 455235138, 455597298, 455959602, 456322050, 456684642, 457047378, 457410258, 457773282, 458136450, 458499762, 458863218, 459226818, 459590562, 459954450, 460318482, 460682658, 461046978, 461411442, 461776050, 462140802, 462505698, 462870738, 463235922, 463601250, 463966722, 464332338, 464698098, 465064002, 465430050, 465796242, 466162578, 466529058, 466895682, 467262450, 467629362, 467996418, 468363618, 468730962, 469098450, 469466082, 469833858, 470201778, 470569842, 470938050, 471306402, 471674898, 472043538, 472412322, 472781250, 473150322, 473519538, 473888898, 474258402, 474628050, 474997842, 475367778, 475737858, 476108082, 476478450, 476848962, 477219618, 477590418, 477961362, 478332450, 478703682, 479075058, 479446578, 479818242, 480190050, 480562002, 480934098, 481306338, 481678722, 482051250, 482423922, 482796738, 483169698, 483542802, 483916050, 484289442, 484662978, 485036658, 485410482, 485784450, 486158562, 486532818, 486907218, 487281762, 487656450, 488031282, 488406258, 488781378, 489156642, 489532050, 489907602, 490283298, 490659138, 491035122, 491411250, 491787522, 492163938, 492540498, 492917202, 493294050, 493671042, 494048178, 494425458, 494802882, 495180450, 495558162, 495936018, 496314018, 496692162, 497070450, 497448882, 497827458, 498206178, 498585042, 498964050, 499343202, 499722498, 500101938, 500481522, 500861250, 501241122, 501621138, 502001298, 502381602, 502762050, 503142642, 503523378, 503904258, 504285282, 504666450, 505047762, 505429218, 505810818, 506192562, 506574450, 506956482, 507338658, 507720978, 508103442, 508486050, 508868802, 509251698, 509634738, 510017922, 510401250, 510784722, 511168338, 511552098, 511936002, 512320050, 512704242, 513088578, 513473058, 513857682, 514242450, 514627362, 515012418, 515397618, 515782962, 516168450, 516554082, 516939858, 517325778, 517711842, 518098050, 518484402, 518870898, 519257538, 519644322, 520031250, 520418322, 520805538, 521192898, 521580402, 521968050, 522355842, 522743778, 523131858, 523520082, 523908450, 524296962, 524685618, 525074418, 525463362, 525852450, 526241682, 526631058, 527020578, 527410242, 527800050, 528190002, 528580098, 528970338, 529360722, 529751250, 530141922, 530532738, 530923698, 531314802, 531706050, 532097442, 532488978, 532880658, 533272482, 533664450, 534056562, 534448818, 534841218, 535233762, 535626450, 536019282, 536412258, 536805378, 537198642, 537592050, 537985602, 538379298, 538773138, 539167122, 539561250, 539955522, 540349938, 540744498, 541139202, 541534050, 541929042, 542324178, 542719458, 543114882, 543510450, 543906162, 544302018, 544698018, 545094162, 545490450, 545886882, 546283458, 546680178, 547077042, 547474050, 547871202, 548268498, 548665938, 549063522, 549461250, 549859122, 550257138, 550655298, 551053602, 551452050, 551850642, 552249378, 552648258, 553047282, 553446450, 553845762, 554245218, 554644818, 555044562, 555444450, 555844482, 556244658, 556644978, 557045442, 557446050, 557846802, 558247698, 558648738, 559049922, 559451250, 559852722, 560254338, 560656098, 561058002, 561460050, 561862242, 562264578, 562667058, 563069682, 563472450, 563875362, 564278418, 564681618, 565084962, 565488450, 565892082, 566295858, 566699778, 567103842, 567508050, 567912402, 568316898, 568721538, 569126322, 569531250, 569936322, 570341538, 570746898, 571152402, 571558050, 571963842, 572369778, 572775858, 573182082, 573588450, 573994962, 574401618, 574808418, 575215362, 575622450, 576029682, 576437058, 576844578, 577252242, 577660050, 578068002, 578476098, 578884338, 579292722, 579701250, 580109922, 580518738, 580927698, 581336802, 581746050, 582155442, 582564978, 582974658, 583384482, 583794450, 584204562, 584614818, 585025218, 585435762, 585846450, 586257282, 586668258, 587079378, 587490642, 587902050, 588313602, 588725298, 589137138, 589549122, 589961250, 590373522, 590785938, 591198498, 591611202, 592024050, 592437042, 592850178, 593263458, 593676882, 594090450, 594504162, 594918018, 595332018, 595746162, 596160450, 596574882, 596989458, 597404178, 597819042, 598234050, 598649202, 599064498, 599479938, 599895522, 600311250, 600727122, 601143138, 601559298, 601975602, 602392050, 602808642, 603225378, 603642258, 604059282, 604476450, 604893762, 605311218, 605728818, 606146562, 606564450, 606982482, 607400658, 607818978, 608237442, 608656050, 609074802, 609493698, 609912738, 610331922, 610751250, 611170722, 611590338, 612010098, 612430002, 612850050, 613270242, 613690578, 614111058, 614531682, 614952450, 615373362, 615794418, 616215618, 616636962, 617058450, 617480082, 617901858, 618323778, 618745842, 619168050, 619590402, 620012898, 620435538, 620858322, 621281250, 621704322, 622127538, 622550898, 622974402, 623398050, 623821842, 624245778, 624669858, 625094082, 625518450, 625942962, 626367618, 626792418, 627217362, 627642450, 628067682, 628493058, 628918578, 629344242, 629770050, 630196002, 630622098, 631048338, 631474722, 631901250, 632327922, 632754738, 633181698, 633608802, 634036050, 634463442, 634890978, 635318658, 635746482, 636174450, 636602562, 637030818, 637459218, 637887762, 638316450, 638745282, 639174258, 639603378, 640032642, 640462050, 640891602, 641321298, 641751138, 642181122, 642611250, 643041522, 643471938, 643902498, 644333202, 644764050, 645195042, 645626178, 646057458, 646488882, 646920450, 647352162, 647784018, 648216018, 648648162, 649080450, 649512882, 649945458, 650378178, 650811042, 651244050, 651677202, 652110498, 652543938, 652977522, 653411250, 653845122, 654279138, 654713298, 655147602, 655582050, 656016642, 656451378, 656886258, 657321282, 657756450, 658191762, 658627218, 659062818, 659498562, 659934450, 660370482, 660806658, 661242978, 661679442, 662116050, 662552802, 662989698, 663426738, 663863922, 664301250, 664738722, 665176338, 665614098, 666052002, 666490050, 666928242, 667366578, 667805058, 668243682, 668682450, 669121362, 669560418, 669999618, 670438962, 670878450, 671318082, 671757858, 672197778, 672637842, 673078050, 673518402, 673958898, 674399538, 674840322, 675281250, 675722322, 676163538, 676604898, 677046402, 677488050, 677929842, 678371778, 678813858, 679256082, 679698450, 680140962, 680583618, 681026418, 681469362, 681912450, 682355682, 682799058, 683242578, 683686242, 684130050, 684574002, 685018098, 685462338, 685906722, 686351250, 686795922, 687240738, 687685698, 688130802, 688576050, 689021442, 689466978, 689912658, 690358482, 690804450, 691250562, 691696818, 692143218, 692589762, 693036450, 693483282, 693930258, 694377378, 694824642, 695272050, 695719602, 696167298, 696615138, 697063122, 697511250, 697959522, 698407938, 698856498, 699305202, 699754050, 700203042, 700652178, 701101458, 701550882, 702000450, 702450162, 702900018, 703350018, 703800162, 704250450, 704700882, 705151458, 705602178, 706053042, 706504050, 706955202, 707406498, 707857938, 708309522, 708761250, 709213122, 709665138, 710117298, 710569602, 711022050, 711474642, 711927378, 712380258, 712833282, 713286450, 713739762, 714193218, 714646818, 715100562, 715554450, 716008482, 716462658, 716916978, 717371442, 717826050, 718280802, 718735698, 719190738, 719645922, 720101250, 720556722, 721012338, 721468098, 721924002, 722380050, 722836242, 723292578, 723749058, 724205682, 724662450, 725119362, 725576418, 726033618, 726490962, 726948450, 727406082, 727863858, 728321778, 728779842, 729238050, 729696402, 730154898, 730613538, 731072322, 731531250, 731990322, 732449538, 732908898, 733368402, 733828050, 734287842, 734747778, 735207858, 735668082, 736128450, 736588962, 737049618, 737510418, 737971362, 738432450, 738893682, 739355058, 739816578, 740278242, 740740050, 741202002, 741664098, 742126338, 742588722, 743051250, 743513922, 743976738, 744439698, 744902802, 745366050, 745829442, 746292978, 746756658, 747220482, 747684450, 748148562, 748612818, 749077218, 749541762, 750006450, 750471282, 750936258, 751401378, 751866642, 752332050, 752797602, 753263298, 753729138, 754195122, 754661250, 755127522, 755593938, 756060498, 756527202, 756994050, 757461042, 757928178, 758395458, 758862882, 759330450, 759798162, 760266018, 760734018, 761202162, 761670450, 762138882, 762607458, 763076178, 763545042, 764014050, 764483202, 764952498, 765421938, 765891522, 766361250, 766831122, 767301138, 767771298, 768241602, 768712050, 769182642, 769653378, 770124258, 770595282, 771066450, 771537762, 772009218, 772480818, 772952562, 773424450, 773896482, 774368658, 774840978, 775313442, 775786050, 776258802, 776731698, 777204738, 777677922, 778151250, 778624722, 779098338, 779572098, 780046002, 780520050, 780994242, 781468578, 781943058, 782417682, 782892450, 783367362, 783842418, 784317618, 784792962, 785268450, 785744082, 786219858, 786695778, 787171842, 787648050, 788124402, 788600898, 789077538, 789554322, 790031250, 790508322, 790985538, 791462898, 791940402, 792418050, 792895842, 793373778, 793851858, 794330082, 794808450, 795286962, 795765618, 796244418, 796723362, 797202450, 797681682, 798161058, 798640578, 799120242, 799600050, 800080002, 800560098, 801040338, 801520722, 802001250, 802481922, 802962738, 803443698, 803924802, 804406050, 804887442, 805368978, 805850658, 806332482, 806814450, 807296562, 807778818, 808261218, 808743762, 809226450, 809709282, 810192258, 810675378, 811158642, 811642050, 812125602, 812609298, 813093138, 813577122, 814061250, 814545522, 815029938, 815514498, 815999202, 816484050, 816969042, 817454178, 817939458, 818424882, 818910450, 819396162, 819882018, 820368018, 820854162, 821340450, 821826882, 822313458, 822800178, 823287042, 823774050, 824261202, 824748498, 825235938, 825723522, 826211250, 826699122, 827187138, 827675298, 828163602, 828652050, 829140642, 829629378, 830118258, 830607282, 831096450, 831585762, 832075218, 832564818, 833054562, 833544450, 834034482, 834524658, 835014978, 835505442, 835996050, 836486802, 836977698, 837468738, 837959922, 838451250, 838942722, 839434338, 839926098, 840418002, 840910050, 841402242, 841894578, 842387058, 842879682, 843372450, 843865362, 844358418, 844851618, 845344962, 845838450, 846332082, 846825858, 847319778, 847813842, 848308050, 848802402, 849296898, 849791538, 850286322, 850781250, 851276322, 851771538, 852266898, 852762402, 853258050, 853753842, 854249778, 854745858, 855242082, 855738450, 856234962, 856731618, 857228418, 857725362, 858222450, 858719682, 859217058, 859714578, 860212242, 860710050, 861208002, 861706098, 862204338, 862702722, 863201250, 863699922, 864198738, 864697698, 865196802, 865696050, 866195442, 866694978, 867194658, 867694482, 868194450, 868694562, 869194818, 869695218, 870195762, 870696450, 871197282, 871698258, 872199378, 872700642, 873202050, 873703602, 874205298, 874707138, 875209122, 875711250, 876213522, 876715938, 877218498, 877721202, 878224050, 878727042, 879230178, 879733458, 880236882, 880740450, 881244162, 881748018, 882252018, 882756162, 883260450, 883764882, 884269458, 884774178, 885279042, 885784050, 886289202, 886794498, 887299938, 887805522, 888311250, 888817122, 889323138, 889829298, 890335602, 890842050, 891348642, 891855378, 892362258, 892869282, 893376450, 893883762, 894391218, 894898818, 895406562, 895914450, 896422482, 896930658, 897438978, 897947442, 898456050, 898964802, 899473698, 899982738, 900491922, 901001250, 901510722, 902020338, 902530098, 903040002, 903550050, 904060242, 904570578, 905081058, 905591682, 906102450, 906613362, 907124418, 907635618, 908146962, 908658450, 909170082, 909681858, 910193778, 910705842, 911218050, 911730402, 912242898, 912755538, 913268322, 913781250, 914294322, 914807538, 915320898, 915834402, 916348050, 916861842, 917375778, 917889858, 918404082, 918918450, 919432962, 919947618, 920462418, 920977362, 921492450, 922007682, 922523058, 923038578, 923554242, 924070050, 924586002, 925102098, 925618338, 926134722, 926651250, 927167922, 927684738, 928201698, 928718802, 929236050, 929753442, 930270978, 930788658, 931306482, 931824450, 932342562, 932860818, 933379218, 933897762, 934416450, 934935282, 935454258, 935973378, 936492642, 937012050, 937531602, 938051298, 938571138, 939091122, 939611250, 940131522, 940651938, 941172498, 941693202, 942214050, 942735042, 943256178, 943777458, 944298882, 944820450, 945342162, 945864018, 946386018, 946908162, 947430450, 947952882, 948475458, 948998178, 949521042, 950044050, 950567202, 951090498, 951613938, 952137522, 952661250, 953185122, 953709138, 954233298, 954757602, 955282050, 955806642, 956331378, 956856258, 957381282, 957906450, 958431762, 958957218, 959482818, 960008562, 960534450, 961060482, 961586658, 962112978, 962639442, 963166050, 963692802, 964219698, 964746738, 965273922, 965801250, 966328722, 966856338, 967384098, 967912002, 968440050, 968968242, 969496578, 970025058, 970553682, 971082450, 971611362, 972140418, 972669618, 973198962, 973728450, 974258082, 974787858, 975317778, 975847842, 976378050, 976908402, 977438898, 977969538, 978500322, 979031250, 979562322, 980093538, 980624898, 981156402, 981688050, 982219842, 982751778, 983283858, 983816082, 984348450, 984880962, 985413618, 985946418, 986479362, 987012450, 987545682, 988079058, 988612578, 989146242, 989680050, 990214002, 990748098, 991282338, 991816722, 992351250, 992885922, 993420738, 993955698, 994490802, 995026050, 995561442, 996096978, 996632658, 997168482, 997704450, 998240562, 998776818, 999313218, 999849762, 1000386450, 1000923282, 1001460258, 1001997378, 1002534642, 1003072050, 1003609602, 1004147298, 1004685138, 1005223122, 1005761250, 1006299522, 1006837938, 1007376498, 1007915202, 1008454050, 1008993042, 1009532178, 1010071458, 1010610882, 1011150450, 1011690162, 1012230018, 1012770018, 1013310162, 1013850450, 1014390882, 1014931458, 1015472178, 1016013042, 1016554050, 1017095202, 1017636498, 1018177938, 1018719522, 1019261250, 1019803122, 1020345138, 1020887298, 1021429602, 1021972050, 1022514642, 1023057378, 1023600258, 1024143282, 1024686450, 1025229762, 1025773218, 1026316818, 1026860562, 1027404450, 1027948482, 1028492658, 1029036978, 1029581442, 1030126050, 1030670802, 1031215698, 1031760738, 1032305922, 1032851250, 1033396722, 1033942338, 1034488098, 1035034002, 1035580050, 1036126242, 1036672578, 1037219058, 1037765682, 1038312450, 1038859362, 1039406418, 1039953618, 1040500962, 1041048450, 1041596082, 1042143858, 1042691778, 1043239842, 1043788050, 1044336402, 1044884898, 1045433538, 1045982322, 1046531250, 1047080322, 1047629538, 1048178898, 1048728402, 1049278050, 1049827842, 1050377778, 1050927858, 1051478082, 1052028450, 1052578962, 1053129618, 1053680418, 1054231362, 1054782450, 1055333682, 1055885058, 1056436578, 1056988242, 1057540050, 1058092002, 1058644098, 1059196338, 1059748722, 1060301250, 1060853922, 1061406738, 1061959698, 1062512802, 1063066050, 1063619442, 1064172978, 1064726658, 1065280482, 1065834450, 1066388562, 1066942818, 1067497218, 1068051762, 1068606450, 1069161282, 1069716258, 1070271378, 1070826642, 1071382050, 1071937602, 1072493298, 1073049138, 1073605122, 1074161250, 1074717522, 1075273938, 1075830498, 1076387202, 1076944050, 1077501042, 1078058178, 1078615458, 1079172882, 1079730450, 1080288162, 1080846018, 1081404018, 1081962162, 1082520450, 1083078882, 1083637458, 1084196178, 1084755042, 1085314050, 1085873202, 1086432498, 1086991938, 1087551522, 1088111250, 1088671122, 1089231138, 1089791298, 1090351602, 1090912050, 1091472642, 1092033378, 1092594258, 1093155282, 1093716450, 1094277762, 1094839218, 1095400818, 1095962562, 1096524450, 1097086482, 1097648658, 1098210978, 1098773442, 1099336050, 1099898802, 1100461698, 1101024738, 1101587922, 1102151250, 1102714722, 1103278338, 1103842098, 1104406002, 1104970050, 1105534242, 1106098578, 1106663058, 1107227682, 1107792450, 1108357362, 1108922418, 1109487618, 1110052962, 1110618450, 1111184082, 1111749858, 1112315778, 1112881842, 1113448050, 1114014402, 1114580898, 1115147538, 1115714322, 1116281250, 1116848322, 1117415538, 1117982898, 1118550402, 1119118050, 1119685842, 1120253778, 1120821858, 1121390082, 1121958450, 1122526962, 1123095618, 1123664418, 1124233362, 1124802450, 1125371682, 1125941058, 1126510578, 1127080242, 1127650050, 1128220002, 1128790098, 1129360338, 1129930722, 1130501250, 1131071922, 1131642738, 1132213698, 1132784802, 1133356050, 1133927442, 1134498978, 1135070658, 1135642482, 1136214450, 1136786562, 1137358818, 1137931218, 1138503762, 1139076450, 1139649282, 1140222258, 1140795378, 1141368642, 1141942050, 1142515602, 1143089298, 1143663138, 1144237122, 1144811250, 1145385522, 1145959938, 1146534498, 1147109202, 1147684050, 1148259042, 1148834178, 1149409458, 1149984882, 1150560450, 1151136162, 1151712018, 1152288018, 1152864162, 1153440450, 1154016882, 1154593458, 1155170178, 1155747042, 1156324050, 1156901202, 1157478498, 1158055938, 1158633522, 1159211250, 1159789122, 1160367138, 1160945298, 1161523602, 1162102050, 1162680642, 1163259378, 1163838258, 1164417282, 1164996450, 1165575762, 1166155218, 1166734818, 1167314562, 1167894450, 1168474482, 1169054658, 1169634978, 1170215442, 1170796050, 1171376802, 1171957698, 1172538738, 1173119922, 1173701250, 1174282722, 1174864338, 1175446098, 1176028002, 1176610050, 1177192242, 1177774578, 1178357058, 1178939682, 1179522450, 1180105362, 1180688418, 1181271618, 1181854962, 1182438450, 1183022082, 1183605858, 1184189778, 1184773842, 1185358050, 1185942402, 1186526898, 1187111538, 1187696322, 1188281250, 1188866322, 1189451538, 1190036898, 1190622402, 1191208050, 1191793842, 1192379778, 1192965858, 1193552082, 1194138450, 1194724962, 1195311618, 1195898418, 1196485362, 1197072450, 1197659682, 1198247058, 1198834578, 1199422242, 1200010050, 1200598002, 1201186098, 1201774338, 1202362722, 1202951250, 1203539922, 1204128738, 1204717698, 1205306802, 1205896050, 1206485442, 1207074978, 1207664658, 1208254482, 1208844450, 1209434562, 1210024818, 1210615218, 1211205762, 1211796450, 1212387282, 1212978258, 1213569378, 1214160642, 1214752050, 1215343602, 1215935298, 1216527138, 1217119122, 1217711250, 1218303522, 1218895938, 1219488498, 1220081202, 1220674050, 1221267042, 1221860178, 1222453458, 1223046882, 1223640450, 1224234162, 1224828018, 1225422018, 1226016162, 1226610450, 1227204882, 1227799458, 1228394178, 1228989042, 1229584050, 1230179202, 1230774498, 1231369938, 1231965522, 1232561250, 1233157122, 1233753138, 1234349298, 1234945602, 1235542050, 1236138642, 1236735378, 1237332258, 1237929282, 1238526450, 1239123762, 1239721218, 1240318818, 1240916562, 1241514450, 1242112482, 1242710658, 1243308978, 1243907442, 1244506050, 1245104802, 1245703698, 1246302738, 1246901922, 1247501250, 1248100722, 1248700338, 1249300098, 1249900002, 1250500050, 1251100242, 1251700578, 1252301058, 1252901682, 1253502450, 1254103362, 1254704418, 1255305618, 1255906962, 1256508450, 1257110082, 1257711858, 1258313778, 1258915842, 1259518050, 1260120402, 1260722898, 1261325538, 1261928322, 1262531250, 1263134322, 1263737538, 1264340898, 1264944402, 1265548050, 1266151842, 1266755778, 1267359858, 1267964082, 1268568450, 1269172962, 1269777618, 1270382418, 1270987362, 1271592450, 1272197682, 1272803058, 1273408578, 1274014242, 1274620050, 1275226002, 1275832098, 1276438338, 1277044722, 1277651250, 1278257922, 1278864738, 1279471698, 1280078802, 1280686050, 1281293442, 1281900978, 1282508658, 1283116482, 1283724450, 1284332562, 1284940818, 1285549218, 1286157762, 1286766450, 1287375282, 1287984258, 1288593378, 1289202642, 1289812050, 1290421602, 1291031298, 1291641138, 1292251122, 1292861250, 1293471522, 1294081938, 1294692498, 1295303202, 1295914050, 1296525042, 1297136178, 1297747458, 1298358882, 1298970450, 1299582162, 1300194018, 1300806018, 1301418162, 1302030450, 1302642882, 1303255458, 1303868178, 1304481042, 1305094050, 1305707202, 1306320498, 1306933938, 1307547522, 1308161250, 1308775122, 1309389138, 1310003298, 1310617602, 1311232050, 1311846642, 1312461378, 1313076258, 1313691282, 1314306450, 1314921762, 1315537218, 1316152818, 1316768562, 1317384450, 1318000482, 1318616658, 1319232978, 1319849442, 1320466050, 1321082802, 1321699698, 1322316738, 1322933922, 1323551250, 1324168722, 1324786338, 1325404098, 1326022002, 1326640050, 1327258242, 1327876578, 1328495058, 1329113682, 1329732450, 1330351362, 1330970418, 1331589618, 1332208962, 1332828450, 1333448082, 1334067858, 1334687778, 1335307842, 1335928050, 1336548402, 1337168898, 1337789538, 1338410322, 1339031250, 1339652322, 1340273538, 1340894898, 1341516402, 1342138050, 1342759842, 1343381778, 1344003858, 1344626082, 1345248450, 1345870962, 1346493618, 1347116418, 1347739362, 1348362450, 1348985682, 1349609058, 1350232578, 1350856242, 1351480050, 1352104002, 1352728098, 1353352338, 1353976722, 1354601250, 1355225922, 1355850738, 1356475698, 1357100802, 1357726050, 1358351442, 1358976978, 1359602658, 1360228482, 1360854450, 1361480562, 1362106818, 1362733218, 1363359762, 1363986450, 1364613282, 1365240258, 1365867378, 1366494642, 1367122050, 1367749602, 1368377298, 1369005138, 1369633122, 1370261250, 1370889522, 1371517938, 1372146498, 1372775202, 1373404050, 1374033042, 1374662178, 1375291458, 1375920882, 1376550450, 1377180162, 1377810018, 1378440018, 1379070162, 1379700450, 1380330882, 1380961458, 1381592178, 1382223042, 1382854050, 1383485202, 1384116498, 1384747938, 1385379522, 1386011250, 1386643122, 1387275138, 1387907298, 1388539602, 1389172050, 1389804642, 1390437378, 1391070258, 1391703282, 1392336450, 1392969762, 1393603218, 1394236818, 1394870562, 1395504450, 1396138482, 1396772658, 1397406978, 1398041442, 1398676050, 1399310802, 1399945698, 1400580738, 1401215922, 1401851250, 1402486722, 1403122338, 1403758098, 1404394002, 1405030050, 1405666242, 1406302578, 1406939058, 1407575682, 1408212450, 1408849362, 1409486418, 1410123618, 1410760962, 1411398450, 1412036082, 1412673858, 1413311778, 1413949842, 1414588050, 1415226402, 1415864898, 1416503538, 1417142322, 1417781250, 1418420322, 1419059538, 1419698898, 1420338402, 1420978050, 1421617842, 1422257778, 1422897858, 1423538082, 1424178450, 1424818962, 1425459618, 1426100418, 1426741362, 1427382450, 1428023682, 1428665058, 1429306578, 1429948242, 1430590050, 1431232002, 1431874098, 1432516338, 1433158722, 1433801250, 1434443922, 1435086738, 1435729698, 1436372802, 1437016050, 1437659442, 1438302978, 1438946658, 1439590482, 1440234450, 1440878562, 1441522818, 1442167218, 1442811762, 1443456450, 1444101282, 1444746258, 1445391378, 1446036642, 1446682050, 1447327602, 1447973298, 1448619138, 1449265122, 1449911250, 1450557522, 1451203938, 1451850498, 1452497202, 1453144050, 1453791042, 1454438178, 1455085458, 1455732882, 1456380450, 1457028162, 1457676018, 1458324018, 1458972162, 1459620450, 1460268882, 1460917458, 1461566178, 1462215042, 1462864050, 1463513202, 1464162498, 1464811938, 1465461522, 1466111250, 1466761122, 1467411138, 1468061298, 1468711602, 1469362050, 1470012642, 1470663378, 1471314258, 1471965282, 1472616450, 1473267762, 1473919218, 1474570818, 1475222562, 1475874450, 1476526482, 1477178658, 1477830978, 1478483442, 1479136050, 1479788802, 1480441698, 1481094738, 1481747922, 1482401250, 1483054722, 1483708338, 1484362098, 1485016002, 1485670050, 1486324242, 1486978578, 1487633058, 1488287682, 1488942450, 1489597362, 1490252418, 1490907618, 1491562962, 1492218450, 1492874082, 1493529858, 1494185778, 1494841842, 1495498050, 1496154402, 1496810898, 1497467538, 1498124322, 1498781250, 1499438322, 1500095538, 1500752898, 1501410402, 1502068050, 1502725842, 1503383778, 1504041858, 1504700082, 1505358450, 1506016962, 1506675618, 1507334418, 1507993362, 1508652450, 1509311682, 1509971058, 1510630578, 1511290242, 1511950050, 1512610002, 1513270098, 1513930338, 1514590722, 1515251250, 1515911922, 1516572738, 1517233698, 1517894802, 1518556050, 1519217442, 1519878978, 1520540658, 1521202482, 1521864450, 1522526562, 1523188818, 1523851218, 1524513762, 1525176450, 1525839282, 1526502258, 1527165378, 1527828642, 1528492050, 1529155602, 1529819298, 1530483138, 1531147122, 1531811250, 1532475522, 1533139938, 1533804498, 1534469202, 1535134050, 1535799042, 1536464178, 1537129458, 1537794882, 1538460450, 1539126162, 1539792018, 1540458018, 1541124162, 1541790450, 1542456882, 1543123458, 1543790178, 1544457042, 1545124050, 1545791202, 1546458498, 1547125938, 1547793522, 1548461250, 1549129122, 1549797138, 1550465298, 1551133602, 1551802050, 1552470642, 1553139378, 1553808258, 1554477282, 1555146450, 1555815762, 1556485218, 1557154818, 1557824562, 1558494450, 1559164482, 1559834658, 1560504978, 1561175442, 1561846050, 1562516802, 1563187698, 1563858738, 1564529922, 1565201250, 1565872722, 1566544338, 1567216098, 1567888002, 1568560050, 1569232242, 1569904578, 1570577058, 1571249682, 1571922450, 1572595362, 1573268418, 1573941618, 1574614962, 1575288450, 1575962082, 1576635858, 1577309778, 1577983842, 1578658050, 1579332402, 1580006898, 1580681538, 1581356322, 1582031250, 1582706322, 1583381538, 1584056898, 1584732402, 1585408050, 1586083842, 1586759778, 1587435858, 1588112082, 1588788450, 1589464962, 1590141618, 1590818418, 1591495362, 1592172450, 1592849682, 1593527058, 1594204578, 1594882242, 1595560050, 1596238002, 1596916098, 1597594338, 1598272722, 1598951250, 1599629922, 1600308738, 1600987698, 1601666802, 1602346050, 1603025442, 1603704978, 1604384658, 1605064482, 1605744450, 1606424562, 1607104818, 1607785218, 1608465762, 1609146450, 1609827282, 1610508258, 1611189378, 1611870642, 1612552050, 1613233602, 1613915298, 1614597138, 1615279122, 1615961250, 1616643522, 1617325938, 1618008498, 1618691202, 1619374050, 1620057042, 1620740178, 1621423458, 1622106882, 1622790450, 1623474162, 1624158018, 1624842018, 1625526162, 1626210450, 1626894882, 1627579458, 1628264178, 1628949042, 1629634050, 1630319202, 1631004498, 1631689938, 1632375522, 1633061250, 1633747122, 1634433138, 1635119298, 1635805602, 1636492050, 1637178642, 1637865378, 1638552258, 1639239282, 1639926450, 1640613762, 1641301218, 1641988818, 1642676562, 1643364450, 1644052482, 1644740658, 1645428978, 1646117442, 1646806050, 1647494802, 1648183698, 1648872738, 1649561922, 1650251250, 1650940722, 1651630338, 1652320098, 1653010002, 1653700050, 1654390242, 1655080578, 1655771058, 1656461682, 1657152450, 1657843362, 1658534418, 1659225618, 1659916962, 1660608450, 1661300082, 1661991858, 1662683778, 1663375842, 1664068050, 1664760402, 1665452898, 1666145538, 1666838322, 1667531250, 1668224322, 1668917538, 1669610898, 1670304402, 1670998050, 1671691842, 1672385778, 1673079858, 1673774082, 1674468450, 1675162962, 1675857618, 1676552418, 1677247362, 1677942450, 1678637682, 1679333058, 1680028578, 1680724242, 1681420050, 1682116002, 1682812098, 1683508338, 1684204722, 1684901250, 1685597922, 1686294738, 1686991698, 1687688802, 1688386050, 1689083442, 1689780978, 1690478658, 1691176482, 1691874450, 1692572562, 1693270818, 1693969218, 1694667762, 1695366450, 1696065282, 1696764258, 1697463378, 1698162642, 1698862050, 1699561602, 1700261298, 1700961138, 1701661122, 1702361250, 1703061522, 1703761938, 1704462498, 1705163202, 1705864050, 1706565042, 1707266178, 1707967458, 1708668882, 1709370450, 1710072162, 1710774018, 1711476018, 1712178162, 1712880450, 1713582882, 1714285458, 1714988178, 1715691042, 1716394050, 1717097202, 1717800498, 1718503938, 1719207522, 1719911250, 1720615122, 1721319138, 1722023298, 1722727602, 1723432050, 1724136642, 1724841378, 1725546258, 1726251282, 1726956450, 1727661762, 1728367218, 1729072818, 1729778562, 1730484450, 1731190482, 1731896658, 1732602978, 1733309442, 1734016050, 1734722802, 1735429698, 1736136738, 1736843922, 1737551250, 1738258722, 1738966338, 1739674098, 1740382002, 1741090050, 1741798242, 1742506578, 1743215058, 1743923682, 1744632450, 1745341362, 1746050418, 1746759618, 1747468962, 1748178450, 1748888082, 1749597858, 1750307778, 1751017842, 1751728050, 1752438402, 1753148898, 1753859538, 1754570322, 1755281250, 1755992322, 1756703538, 1757414898, 1758126402, 1758838050, 1759549842, 1760261778, 1760973858, 1761686082, 1762398450, 1763110962, 1763823618, 1764536418, 1765249362, 1765962450, 1766675682, 1767389058, 1768102578, 1768816242, 1769530050, 1770244002, 1770958098, 1771672338, 1772386722, 1773101250, 1773815922, 1774530738, 1775245698, 1775960802, 1776676050, 1777391442, 1778106978, 1778822658, 1779538482, 1780254450, 1780970562, 1781686818, 1782403218, 1783119762, 1783836450, 1784553282, 1785270258, 1785987378, 1786704642, 1787422050, 1788139602, 1788857298, 1789575138, 1790293122, 1791011250, 1791729522, 1792447938, 1793166498, 1793885202, 1794604050, 1795323042, 1796042178, 1796761458, 1797480882, 1798200450, 1798920162, 1799640018, 1800360018, 1801080162, 1801800450, 1802520882, 1803241458, 1803962178, 1804683042, 1805404050, 1806125202, 1806846498, 1807567938, 1808289522, 1809011250, 1809733122, 1810455138, 1811177298, 1811899602, 1812622050, 1813344642, 1814067378, 1814790258, 1815513282, 1816236450, 1816959762, 1817683218, 1818406818, 1819130562, 1819854450, 1820578482, 1821302658, 1822026978, 1822751442, 1823476050, 1824200802, 1824925698, 1825650738, 1826375922, 1827101250, 1827826722, 1828552338, 1829278098, 1830004002, 1830730050, 1831456242, 1832182578, 1832909058, 1833635682, 1834362450, 1835089362, 1835816418, 1836543618, 1837270962, 1837998450, 1838726082, 1839453858, 1840181778, 1840909842, 1841638050, 1842366402, 1843094898, 1843823538, 1844552322, 1845281250, 1846010322, 1846739538, 1847468898, 1848198402, 1848928050, 1849657842, 1850387778, 1851117858, 1851848082, 1852578450, 1853308962, 1854039618, 1854770418, 1855501362, 1856232450, 1856963682, 1857695058, 1858426578, 1859158242, 1859890050, 1860622002, 1861354098, 1862086338, 1862818722, 1863551250, 1864283922, 1865016738, 1865749698, 1866482802, 1867216050, 1867949442, 1868682978, 1869416658, 1870150482, 1870884450, 1871618562, 1872352818, 1873087218, 1873821762, 1874556450, 1875291282, 1876026258, 1876761378, 1877496642, 1878232050, 1878967602, 1879703298, 1880439138, 1881175122, 1881911250, 1882647522, 1883383938, 1884120498, 1884857202, 1885594050, 1886331042, 1887068178, 1887805458, 1888542882, 1889280450, 1890018162, 1890756018, 1891494018, 1892232162, 1892970450, 1893708882, 1894447458, 1895186178, 1895925042, 1896664050, 1897403202, 1898142498, 1898881938, 1899621522, 1900361250, 1901101122, 1901841138, 1902581298, 1903321602, 1904062050, 1904802642, 1905543378, 1906284258, 1907025282, 1907766450, 1908507762, 1909249218, 1909990818, 1910732562, 1911474450, 1912216482, 1912958658, 1913700978, 1914443442, 1915186050, 1915928802, 1916671698, 1917414738, 1918157922, 1918901250, 1919644722, 1920388338, 1921132098, 1921876002, 1922620050, 1923364242, 1924108578, 1924853058, 1925597682, 1926342450, 1927087362, 1927832418, 1928577618, 1929322962, 1930068450, 1930814082, 1931559858, 1932305778, 1933051842, 1933798050, 1934544402, 1935290898, 1936037538, 1936784322, 1937531250, 1938278322, 1939025538, 1939772898, 1940520402, 1941268050, 1942015842, 1942763778, 1943511858, 1944260082, 1945008450, 1945756962, 1946505618, 1947254418, 1948003362, 1948752450, 1949501682, 1950251058, 1951000578, 1951750242, 1952500050, 1953250002, 1954000098, 1954750338, 1955500722, 1956251250, 1957001922, 1957752738, 1958503698, 1959254802, 1960006050, 1960757442, 1961508978, 1962260658, 1963012482, 1963764450, 1964516562, 1965268818, 1966021218, 1966773762, 1967526450, 1968279282, 1969032258, 1969785378, 1970538642, 1971292050, 1972045602, 1972799298, 1973553138, 1974307122, 1975061250, 1975815522, 1976569938, 1977324498, 1978079202, 1978834050, 1979589042, 1980344178, 1981099458, 1981854882, 1982610450, 1983366162, 1984122018, 1984878018, 1985634162, 1986390450, 1987146882, 1987903458, 1988660178, 1989417042, 1990174050, 1990931202, 1991688498, 1992445938, 1993203522, 1993961250, 1994719122, 1995477138, 1996235298, 1996993602, 1997752050, 1998510642, 1999269378, 2000028258, 2000787282, 2001546450, 2002305762, 2003065218, 2003824818, 2004584562, 2005344450, 2006104482, 2006864658, 2007624978, 2008385442, 2009146050, 2009906802, 2010667698, 2011428738, 2012189922, 2012951250, 2013712722, 2014474338, 2015236098, 2015998002, 2016760050, 2017522242, 2018284578, 2019047058, 2019809682, 2020572450, 2021335362, 2022098418, 2022861618, 2023624962, 2024388450, 2025152082, 2025915858, 2026679778, 2027443842, 2028208050, 2028972402, 2029736898, 2030501538, 2031266322, 2032031250, 2032796322, 2033561538, 2034326898, 2035092402, 2035858050, 2036623842, 2037389778, 2038155858, 2038922082, 2039688450, 2040454962, 2041221618, 2041988418, 2042755362, 2043522450, 2044289682, 2045057058, 2045824578, 2046592242, 2047360050, 2048128002, 2048896098, 2049664338, 2050432722, 2051201250, 2051969922, 2052738738, 2053507698, 2054276802, 2055046050, 2055815442, 2056584978, 2057354658, 2058124482, 2058894450, 2059664562, 2060434818, 2061205218, 2061975762, 2062746450, 2063517282, 2064288258, 2065059378, 2065830642, 2066602050, 2067373602, 2068145298, 2068917138, 2069689122, 2070461250, 2071233522, 2072005938, 2072778498, 2073551202, 2074324050, 2075097042, 2075870178, 2076643458, 2077416882, 2078190450, 2078964162, 2079738018, 2080512018, 2081286162, 2082060450, 2082834882, 2083609458, 2084384178, 2085159042, 2085934050, 2086709202, 2087484498, 2088259938, 2089035522, 2089811250, 2090587122, 2091363138, 2092139298, 2092915602, 2093692050, 2094468642, 2095245378, 2096022258, 2096799282, 2097576450, 2098353762, 2099131218, 2099908818, 2100686562, 2101464450, 2102242482, 2103020658, 2103798978, 2104577442, 2105356050, 2106134802, 2106913698, 2107692738, 2108471922, 2109251250, 2110030722, 2110810338, 2111590098, 2112370002, 2113150050, 2113930242, 2114710578, 2115491058, 2116271682, 2117052450, 2117833362, 2118614418, 2119395618, 2120176962, 2120958450, 2121740082, 2122521858, 2123303778, 2124085842, 2124868050, 2125650402, 2126432898, 2127215538, 2127998322, 2128781250, 2129564322, 2130347538, 2131130898, 2131914402, 2132698050, 2133481842, 2134265778, 2135049858, 2135834082, 2136618450, 2137402962, 2138187618, 2138972418, 2139757362, 2140542450, 2141327682, 2142113058, 2142898578, 2143684242, 2144470050, 2145256002, 2146042098, 2146828338, 2147614722, 2148401250, 2149187922, 2149974738, 2150761698, 2151548802, 2152336050, 2153123442, 2153910978, 2154698658, 2155486482, 2156274450, 2157062562, 2157850818, 2158639218, 2159427762, 2160216450, 2161005282, 2161794258, 2162583378, 2163372642, 2164162050, 2164951602, 2165741298, 2166531138, 2167321122, 2168111250, 2168901522, 2169691938, 2170482498, 2171273202, 2172064050, 2172855042, 2173646178, 2174437458, 2175228882, 2176020450, 2176812162, 2177604018, 2178396018, 2179188162, 2179980450, 2180772882, 2181565458, 2182358178, 2183151042, 2183944050, 2184737202, 2185530498, 2186323938, 2187117522, 2187911250, 2188705122, 2189499138, 2190293298, 2191087602, 2191882050, 2192676642, 2193471378, 2194266258, 2195061282, 2195856450, 2196651762, 2197447218, 2198242818, 2199038562, 2199834450, 2200630482, 2201426658, 2202222978, 2203019442, 2203816050, 2204612802, 2205409698, 2206206738, 2207003922, 2207801250, 2208598722, 2209396338, 2210194098, 2210992002, 2211790050, 2212588242, 2213386578, 2214185058, 2214983682, 2215782450, 2216581362, 2217380418, 2218179618, 2218978962, 2219778450, 2220578082, 2221377858, 2222177778, 2222977842, 2223778050, 2224578402, 2225378898, 2226179538, 2226980322, 2227781250, 2228582322, 2229383538, 2230184898, 2230986402, 2231788050, 2232589842, 2233391778, 2234193858, 2234996082, 2235798450, 2236600962, 2237403618, 2238206418, 2239009362, 2239812450, 2240615682, 2241419058, 2242222578, 2243026242, 2243830050, 2244634002, 2245438098, 2246242338, 2247046722, 2247851250, 2248655922, 2249460738, 2250265698, 2251070802, 2251876050, 2252681442, 2253486978, 2254292658, 2255098482, 2255904450, 2256710562, 2257516818, 2258323218, 2259129762, 2259936450, 2260743282, 2261550258, 2262357378, 2263164642, 2263972050, 2264779602, 2265587298, 2266395138, 2267203122, 2268011250, 2268819522, 2269627938, 2270436498, 2271245202, 2272054050, 2272863042, 2273672178, 2274481458, 2275290882, 2276100450, 2276910162, 2277720018, 2278530018, 2279340162, 2280150450, 2280960882, 2281771458, 2282582178, 2283393042, 2284204050, 2285015202, 2285826498, 2286637938, 2287449522, 2288261250, 2289073122, 2289885138, 2290697298, 2291509602, 2292322050, 2293134642, 2293947378, 2294760258, 2295573282, 2296386450, 2297199762, 2298013218, 2298826818, 2299640562, 2300454450, 2301268482, 2302082658, 2302896978, 2303711442, 2304526050, 2305340802, 2306155698, 2306970738, 2307785922, 2308601250, 2309416722, 2310232338, 2311048098, 2311864002, 2312680050, 2313496242, 2314312578, 2315129058, 2315945682, 2316762450, 2317579362, 2318396418, 2319213618, 2320030962, 2320848450, 2321666082, 2322483858, 2323301778, 2324119842, 2324938050, 2325756402, 2326574898, 2327393538, 2328212322, 2329031250, 2329850322, 2330669538, 2331488898, 2332308402, 2333128050, 2333947842, 2334767778, 2335587858, 2336408082, 2337228450, 2338048962, 2338869618, 2339690418, 2340511362, 2341332450, 2342153682, 2342975058, 2343796578, 2344618242, 2345440050, 2346262002, 2347084098, 2347906338, 2348728722, 2349551250, 2350373922, 2351196738, 2352019698, 2352842802, 2353666050, 2354489442, 2355312978, 2356136658, 2356960482, 2357784450, 2358608562, 2359432818, 2360257218, 2361081762, 2361906450, 2362731282, 2363556258, 2364381378, 2365206642, 2366032050, 2366857602, 2367683298, 2368509138, 2369335122, 2370161250, 2370987522, 2371813938, 2372640498, 2373467202, 2374294050, 2375121042, 2375948178, 2376775458, 2377602882, 2378430450, 2379258162, 2380086018, 2380914018, 2381742162, 2382570450, 2383398882, 2384227458, 2385056178, 2385885042, 2386714050, 2387543202, 2388372498, 2389201938, 2390031522, 2390861250, 2391691122, 2392521138, 2393351298, 2394181602, 2395012050, 2395842642, 2396673378, 2397504258, 2398335282, 2399166450, 2399997762, 2400829218, 2401660818, 2402492562, 2403324450, 2404156482, 2404988658, 2405820978, 2406653442, 2407486050, 2408318802, 2409151698, 2409984738, 2410817922, 2411651250, 2412484722, 2413318338, 2414152098, 2414986002, 2415820050, 2416654242, 2417488578, 2418323058, 2419157682, 2419992450, 2420827362, 2421662418, 2422497618, 2423332962, 2424168450, 2425004082, 2425839858, 2426675778, 2427511842, 2428348050, 2429184402, 2430020898, 2430857538, 2431694322, 2432531250, 2433368322, 2434205538, 2435042898, 2435880402, 2436718050, 2437555842, 2438393778, 2439231858, 2440070082, 2440908450, 2441746962, 2442585618, 2443424418, 2444263362, 2445102450, 2445941682, 2446781058, 2447620578, 2448460242, 2449300050, 2450140002, 2450980098, 2451820338, 2452660722, 2453501250, 2454341922, 2455182738, 2456023698, 2456864802, 2457706050, 2458547442, 2459388978, 2460230658, 2461072482, 2461914450, 2462756562, 2463598818, 2464441218, 2465283762, 2466126450, 2466969282, 2467812258, 2468655378, 2469498642, 2470342050, 2471185602, 2472029298, 2472873138, 2473717122, 2474561250, 2475405522, 2476249938, 2477094498, 2477939202, 2478784050, 2479629042, 2480474178, 2481319458, 2482164882, 2483010450, 2483856162, 2484702018, 2485548018, 2486394162, 2487240450, 2488086882, 2488933458, 2489780178, 2490627042, 2491474050, 2492321202, 2493168498, 2494015938, 2494863522, 2495711250, 2496559122, 2497407138, 2498255298, 2499103602, 2499952050, 2500800642, 2501649378, 2502498258, 2503347282, 2504196450, 2505045762, 2505895218, 2506744818, 2507594562, 2508444450, 2509294482, 2510144658, 2510994978, 2511845442, 2512696050, 2513546802, 2514397698, 2515248738, 2516099922, 2516951250, 2517802722, 2518654338, 2519506098, 2520358002, 2521210050, 2522062242, 2522914578, 2523767058, 2524619682, 2525472450, 2526325362, 2527178418, 2528031618, 2528884962, 2529738450, 2530592082, 2531445858, 2532299778, 2533153842, 2534008050, 2534862402, 2535716898, 2536571538, 2537426322, 2538281250, 2539136322, 2539991538, 2540846898, 2541702402, 2542558050, 2543413842, 2544269778, 2545125858, 2545982082, 2546838450, 2547694962, 2548551618, 2549408418, 2550265362, 2551122450, 2551979682, 2552837058, 2553694578, 2554552242, 2555410050, 2556268002, 2557126098, 2557984338, 2558842722, 2559701250, 2560559922, 2561418738, 2562277698, 2563136802, 2563996050, 2564855442, 2565714978, 2566574658, 2567434482, 2568294450, 2569154562, 2570014818, 2570875218, 2571735762, 2572596450, 2573457282, 2574318258, 2575179378, 2576040642, 2576902050, 2577763602, 2578625298, 2579487138, 2580349122, 2581211250, 2582073522, 2582935938, 2583798498, 2584661202, 2585524050, 2586387042, 2587250178, 2588113458, 2588976882, 2589840450, 2590704162, 2591568018, 2592432018, 2593296162, 2594160450, 2595024882, 2595889458, 2596754178, 2597619042, 2598484050, 2599349202, 2600214498, 2601079938, 2601945522, 2602811250, 2603677122, 2604543138, 2605409298, 2606275602, 2607142050, 2608008642, 2608875378, 2609742258, 2610609282, 2611476450, 2612343762, 2613211218, 2614078818, 2614946562, 2615814450, 2616682482, 2617550658, 2618418978, 2619287442, 2620156050, 2621024802, 2621893698, 2622762738, 2623631922, 2624501250, 2625370722, 2626240338, 2627110098, 2627980002, 2628850050, 2629720242, 2630590578, 2631461058, 2632331682, 2633202450, 2634073362, 2634944418, 2635815618, 2636686962, 2637558450, 2638430082, 2639301858, 2640173778, 2641045842, 2641918050, 2642790402, 2643662898, 2644535538, 2645408322, 2646281250, 2647154322, 2648027538, 2648900898, 2649774402, 2650648050, 2651521842, 2652395778, 2653269858, 2654144082, 2655018450, 2655892962, 2656767618, 2657642418, 2658517362, 2659392450, 2660267682, 2661143058, 2662018578, 2662894242, 2663770050, 2664646002, 2665522098, 2666398338, 2667274722, 2668151250, 2669027922, 2669904738, 2670781698, 2671658802, 2672536050, 2673413442, 2674290978, 2675168658, 2676046482, 2676924450, 2677802562, 2678680818, 2679559218, 2680437762, 2681316450, 2682195282, 2683074258, 2683953378, 2684832642, 2685712050, 2686591602, 2687471298, 2688351138, 2689231122, 2690111250, 2690991522, 2691871938, 2692752498, 2693633202, 2694514050, 2695395042, 2696276178, 2697157458, 2698038882, 2698920450, 2699802162, 2700684018, 2701566018, 2702448162, 2703330450, 2704212882, 2705095458, 2705978178, 2706861042, 2707744050, 2708627202, 2709510498, 2710393938, 2711277522, 2712161250, 2713045122, 2713929138, 2714813298, 2715697602, 2716582050, 2717466642, 2718351378, 2719236258, 2720121282, 2721006450, 2721891762, 2722777218, 2723662818, 2724548562, 2725434450, 2726320482, 2727206658, 2728092978, 2728979442, 2729866050, 2730752802, 2731639698, 2732526738, 2733413922, 2734301250, 2735188722, 2736076338, 2736964098, 2737852002, 2738740050, 2739628242, 2740516578, 2741405058, 2742293682, 2743182450, 2744071362, 2744960418, 2745849618, 2746738962, 2747628450, 2748518082, 2749407858, 2750297778, 2751187842, 2752078050, 2752968402, 2753858898, 2754749538, 2755640322, 2756531250, 2757422322, 2758313538, 2759204898, 2760096402, 2760988050, 2761879842, 2762771778, 2763663858, 2764556082, 2765448450, 2766340962, 2767233618, 2768126418, 2769019362, 2769912450, 2770805682, 2771699058, 2772592578, 2773486242, 2774380050, 2775274002, 2776168098, 2777062338, 2777956722, 2778851250, 2779745922, 2780640738, 2781535698, 2782430802, 2783326050, 2784221442, 2785116978, 2786012658, 2786908482, 2787804450, 2788700562, 2789596818, 2790493218, 2791389762, 2792286450, 2793183282, 2794080258, 2794977378, 2795874642, 2796772050, 2797669602, 2798567298, 2799465138, 2800363122, 2801261250, 2802159522, 2803057938, 2803956498, 2804855202, 2805754050, 2806653042, 2807552178, 2808451458, 2809350882, 2810250450, 2811150162, 2812050018, 2812950018, 2813850162, 2814750450, 2815650882, 2816551458, 2817452178, 2818353042, 2819254050, 2820155202, 2821056498, 2821957938, 2822859522, 2823761250, 2824663122, 2825565138, 2826467298, 2827369602, 2828272050, 2829174642, 2830077378, 2830980258, 2831883282, 2832786450, 2833689762, 2834593218, 2835496818, 2836400562, 2837304450, 2838208482, 2839112658, 2840016978, 2840921442, 2841826050, 2842730802, 2843635698, 2844540738, 2845445922, 2846351250, 2847256722, 2848162338, 2849068098, 2849974002, 2850880050, 2851786242, 2852692578, 2853599058, 2854505682, 2855412450, 2856319362, 2857226418, 2858133618, 2859040962, 2859948450, 2860856082, 2861763858, 2862671778, 2863579842, 2864488050, 2865396402, 2866304898, 2867213538, 2868122322, 2869031250, 2869940322, 2870849538, 2871758898, 2872668402, 2873578050, 2874487842, 2875397778, 2876307858, 2877218082, 2878128450, 2879038962, 2879949618, 2880860418, 2881771362, 2882682450, 2883593682, 2884505058, 2885416578, 2886328242, 2887240050, 2888152002, 2889064098, 2889976338, 2890888722, 2891801250, 2892713922, 2893626738, 2894539698, 2895452802, 2896366050, 2897279442, 2898192978, 2899106658, 2900020482, 2900934450, 2901848562, 2902762818, 2903677218, 2904591762, 2905506450, 2906421282, 2907336258, 2908251378, 2909166642, 2910082050, 2910997602, 2911913298, 2912829138, 2913745122, 2914661250, 2915577522, 2916493938, 2917410498, 2918327202, 2919244050, 2920161042, 2921078178, 2921995458, 2922912882, 2923830450, 2924748162, 2925666018, 2926584018, 2927502162, 2928420450, 2929338882, 2930257458, 2931176178, 2932095042, 2933014050, 2933933202, 2934852498, 2935771938, 2936691522, 2937611250, 2938531122, 2939451138, 2940371298, 2941291602, 2942212050, 2943132642, 2944053378, 2944974258, 2945895282, 2946816450, 2947737762, 2948659218, 2949580818, 2950502562, 2951424450, 2952346482, 2953268658, 2954190978, 2955113442, 2956036050, 2956958802, 2957881698, 2958804738, 2959727922, 2960651250, 2961574722, 2962498338, 2963422098, 2964346002, 2965270050, 2966194242, 2967118578, 2968043058, 2968967682, 2969892450, 2970817362, 2971742418, 2972667618, 2973592962, 2974518450, 2975444082, 2976369858, 2977295778, 2978221842, 2979148050, 2980074402, 2981000898, 2981927538, 2982854322, 2983781250, 2984708322, 2985635538, 2986562898, 2987490402, 2988418050, 2989345842, 2990273778, 2991201858, 2992130082, 2993058450, 2993986962, 2994915618, 2995844418, 2996773362, 2997702450, 2998631682, 2999561058, 3000490578, 3001420242, 3002350050, 3003280002, 3004210098, 3005140338, 3006070722, 3007001250, 3007931922, 3008862738, 3009793698, 3010724802, 3011656050, 3012587442, 3013518978, 3014450658, 3015382482, 3016314450, 3017246562, 3018178818, 3019111218, 3020043762, 3020976450, 3021909282, 3022842258, 3023775378, 3024708642, 3025642050, 3026575602, 3027509298, 3028443138, 3029377122, 3030311250, 3031245522, 3032179938, 3033114498, 3034049202, 3034984050, 3035919042, 3036854178, 3037789458, 3038724882, 3039660450, 3040596162, 3041532018, 3042468018, 3043404162, 3044340450, 3045276882, 3046213458, 3047150178, 3048087042, 3049024050, 3049961202, 3050898498, 3051835938, 3052773522, 3053711250, 3054649122, 3055587138, 3056525298, 3057463602, 3058402050, 3059340642, 3060279378, 3061218258, 3062157282, 3063096450, 3064035762, 3064975218, 3065914818, 3066854562, 3067794450, 3068734482, 3069674658, 3070614978, 3071555442, 3072496050, 3073436802, 3074377698, 3075318738, 3076259922, 3077201250, 3078142722, 3079084338, 3080026098, 3080968002, 3081910050, 3082852242, 3083794578, 3084737058, 3085679682, 3086622450, 3087565362, 3088508418, 3089451618, 3090394962, 3091338450, 3092282082, 3093225858, 3094169778, 3095113842, 3096058050, 3097002402, 3097946898, 3098891538, 3099836322, 3100781250, 3101726322, 3102671538, 3103616898, 3104562402, 3105508050, 3106453842, 3107399778, 3108345858, 3109292082, 3110238450, 3111184962, 3112131618, 3113078418, 3114025362, 3114972450, 3115919682, 3116867058, 3117814578, 3118762242, 3119710050, 3120658002, 3121606098, 3122554338, 3123502722, 3124451250, 3125399922, 3126348738, 3127297698, 3128246802, 3129196050, 3130145442, 3131094978, 3132044658, 3132994482, 3133944450, 3134894562, 3135844818, 3136795218, 3137745762, 3138696450, 3139647282, 3140598258, 3141549378, 3142500642, 3143452050, 3144403602, 3145355298, 3146307138, 3147259122, 3148211250, 3149163522, 3150115938, 3151068498, 3152021202, 3152974050, 3153927042, 3154880178, 3155833458, 3156786882, 3157740450, 3158694162, 3159648018, 3160602018, 3161556162, 3162510450, 3163464882, 3164419458, 3165374178, 3166329042, 3167284050, 3168239202, 3169194498, 3170149938, 3171105522, 3172061250, 3173017122, 3173973138, 3174929298, 3175885602, 3176842050, 3177798642, 3178755378, 3179712258, 3180669282, 3181626450, 3182583762, 3183541218, 3184498818, 3185456562, 3186414450, 3187372482, 3188330658, 3189288978, 3190247442, 3191206050, 3192164802, 3193123698, 3194082738, 3195041922, 3196001250, 3196960722, 3197920338, 3198880098, 3199840002, 3200800050, 3201760242, 3202720578, 3203681058, 3204641682, 3205602450, 3206563362, 3207524418, 3208485618, 3209446962, 3210408450, 3211370082, 3212331858, 3213293778, 3214255842, 3215218050, 3216180402, 3217142898, 3218105538, 3219068322, 3220031250, 3220994322, 3221957538, 3222920898, 3223884402, 3224848050, 3225811842, 3226775778, 3227739858, 3228704082, 3229668450, 3230632962, 3231597618, 3232562418, 3233527362, 3234492450, 3235457682, 3236423058, 3237388578, 3238354242, 3239320050, 3240286002, 3241252098, 3242218338, 3243184722, 3244151250, 3245117922, 3246084738, 3247051698, 3248018802, 3248986050, 3249953442, 3250920978, 3251888658, 3252856482, 3253824450, 3254792562, 3255760818, 3256729218, 3257697762, 3258666450, 3259635282, 3260604258, 3261573378, 3262542642, 3263512050, 3264481602, 3265451298, 3266421138, 3267391122, 3268361250, 3269331522, 3270301938, 3271272498, 3272243202, 3273214050, 3274185042, 3275156178, 3276127458, 3277098882, 3278070450, 3279042162, 3280014018, 3280986018, 3281958162, 3282930450, 3283902882, 3284875458, 3285848178, 3286821042, 3287794050, 3288767202, 3289740498, 3290713938, 3291687522, 3292661250, 3293635122, 3294609138, 3295583298, 3296557602, 3297532050, 3298506642, 3299481378, 3300456258, 3301431282, 3302406450, 3303381762, 3304357218, 3305332818, 3306308562, 3307284450, 3308260482, 3309236658, 3310212978, 3311189442, 3312166050, 3313142802, 3314119698, 3315096738, 3316073922, 3317051250, 3318028722, 3319006338, 3319984098, 3320962002, 3321940050, 3322918242, 3323896578, 3324875058, 3325853682, 3326832450, 3327811362, 3328790418, 3329769618, 3330748962, 3331728450, 3332708082, 3333687858, 3334667778, 3335647842, 3336628050, 3337608402, 3338588898, 3339569538, 3340550322, 3341531250, 3342512322, 3343493538, 3344474898, 3345456402, 3346438050, 3347419842, 3348401778, 3349383858, 3350366082, 3351348450, 3352330962, 3353313618, 3354296418, 3355279362, 3356262450, 3357245682, 3358229058, 3359212578, 3360196242, 3361180050, 3362164002, 3363148098, 3364132338, 3365116722, 3366101250, 3367085922, 3368070738, 3369055698, 3370040802, 3371026050, 3372011442, 3372996978, 3373982658, 3374968482, 3375954450, 3376940562, 3377926818, 3378913218, 3379899762, 3380886450, 3381873282, 3382860258, 3383847378, 3384834642, 3385822050, 3386809602, 3387797298, 3388785138, 3389773122, 3390761250, 3391749522, 3392737938, 3393726498, 3394715202, 3395704050, 3396693042, 3397682178, 3398671458, 3399660882, 3400650450, 3401640162, 3402630018, 3403620018, 3404610162, 3405600450, 3406590882, 3407581458, 3408572178, 3409563042, 3410554050, 3411545202, 3412536498, 3413527938, 3414519522, 3415511250, 3416503122, 3417495138, 3418487298, 3419479602, 3420472050, 3421464642, 3422457378, 3423450258, 3424443282, 3425436450, 3426429762, 3427423218, 3428416818, 3429410562, 3430404450, 3431398482, 3432392658, 3433386978, 3434381442, 3435376050, 3436370802, 3437365698, 3438360738, 3439355922, 3440351250, 3441346722, 3442342338, 3443338098, 3444334002, 3445330050, 3446326242, 3447322578, 3448319058, 3449315682, 3450312450, 3451309362, 3452306418, 3453303618, 3454300962, 3455298450, 3456296082, 3457293858, 3458291778, 3459289842, 3460288050, 3461286402, 3462284898, 3463283538, 3464282322, 3465281250, 3466280322, 3467279538, 3468278898, 3469278402, 3470278050, 3471277842, 3472277778, 3473277858, 3474278082, 3475278450, 3476278962, 3477279618, 3478280418, 3479281362, 3480282450, 3481283682, 3482285058, 3483286578, 3484288242, 3485290050, 3486292002, 3487294098, 3488296338, 3489298722, 3490301250, 3491303922, 3492306738, 3493309698, 3494312802, 3495316050, 3496319442, 3497322978, 3498326658, 3499330482, 3500334450, 3501338562, 3502342818, 3503347218, 3504351762, 3505356450, 3506361282, 3507366258, 3508371378, 3509376642, 3510382050, 3511387602, 3512393298, 3513399138, 3514405122, 3515411250, 3516417522, 3517423938, 3518430498, 3519437202, 3520444050, 3521451042, 3522458178, 3523465458, 3524472882, 3525480450, 3526488162, 3527496018, 3528504018, 3529512162, 3530520450, 3531528882, 3532537458, 3533546178, 3534555042, 3535564050, 3536573202, 3537582498, 3538591938, 3539601522, 3540611250, 3541621122, 3542631138, 3543641298, 3544651602, 3545662050, 3546672642, 3547683378, 3548694258, 3549705282, 3550716450, 3551727762, 3552739218, 3553750818, 3554762562, 3555774450, 3556786482, 3557798658, 3558810978, 3559823442, 3560836050, 3561848802, 3562861698, 3563874738, 3564887922, 3565901250, 3566914722, 3567928338, 3568942098, 3569956002, 3570970050, 3571984242, 3572998578, 3574013058, 3575027682, 3576042450, 3577057362, 3578072418, 3579087618, 3580102962, 3581118450, 3582134082, 3583149858, 3584165778, 3585181842, 3586198050, 3587214402, 3588230898, 3589247538, 3590264322, 3591281250, 3592298322, 3593315538, 3594332898, 3595350402, 3596368050, 3597385842, 3598403778, 3599421858, 3600440082, 3601458450, 3602476962, 3603495618, 3604514418, 3605533362, 3606552450, 3607571682, 3608591058, 3609610578, 3610630242, 3611650050, 3612670002, 3613690098, 3614710338, 3615730722, 3616751250, 3617771922, 3618792738, 3619813698, 3620834802, 3621856050, 3622877442, 3623898978, 3624920658, 3625942482, 3626964450, 3627986562, 3629008818, 3630031218, 3631053762, 3632076450, 3633099282, 3634122258, 3635145378, 3636168642, 3637192050, 3638215602, 3639239298, 3640263138, 3641287122, 3642311250, 3643335522, 3644359938, 3645384498, 3646409202, 3647434050, 3648459042, 3649484178, 3650509458, 3651534882, 3652560450, 3653586162, 3654612018, 3655638018, 3656664162, 3657690450, 3658716882, 3659743458, 3660770178, 3661797042, 3662824050, 3663851202, 3664878498, 3665905938, 3666933522, 3667961250, 3668989122, 3670017138, 3671045298, 3672073602, 3673102050, 3674130642, 3675159378, 3676188258, 3677217282, 3678246450, 3679275762, 3680305218, 3681334818, 3682364562, 3683394450, 3684424482, 3685454658, 3686484978, 3687515442, 3688546050, 3689576802, 3690607698, 3691638738, 3692669922, 3693701250, 3694732722, 3695764338, 3696796098, 3697828002, 3698860050, 3699892242, 3700924578, 3701957058, 3702989682, 3704022450, 3705055362, 3706088418, 3707121618, 3708154962, 3709188450, 3710222082, 3711255858, 3712289778, 3713323842, 3714358050, 3715392402, 3716426898, 3717461538, 3718496322, 3719531250, 3720566322, 3721601538, 3722636898, 3723672402, 3724708050, 3725743842, 3726779778, 3727815858, 3728852082, 3729888450, 3730924962, 3731961618, 3732998418, 3734035362, 3735072450, 3736109682, 3737147058, 3738184578, 3739222242, 3740260050, 3741298002, 3742336098, 3743374338, 3744412722, 3745451250, 3746489922, 3747528738, 3748567698, 3749606802, 3750646050, 3751685442, 3752724978, 3753764658, 3754804482, 3755844450, 3756884562, 3757924818, 3758965218, 3760005762, 3761046450, 3762087282, 3763128258, 3764169378, 3765210642, 3766252050, 3767293602, 3768335298, 3769377138, 3770419122, 3771461250, 3772503522, 3773545938, 3774588498, 3775631202, 3776674050, 3777717042, 3778760178, 3779803458, 3780846882, 3781890450, 3782934162, 3783978018, 3785022018, 3786066162, 3787110450, 3788154882, 3789199458, 3790244178, 3791289042, 3792334050, 3793379202, 3794424498, 3795469938, 3796515522, 3797561250, 3798607122, 3799653138, 3800699298, 3801745602, 3802792050, 3803838642, 3804885378, 3805932258, 3806979282, 3808026450, 3809073762, 3810121218, 3811168818, 3812216562, 3813264450, 3814312482, 3815360658, 3816408978, 3817457442, 3818506050, 3819554802, 3820603698, 3821652738, 3822701922, 3823751250, 3824800722, 3825850338, 3826900098, 3827950002, 3829000050, 3830050242, 3831100578, 3832151058, 3833201682, 3834252450, 3835303362, 3836354418, 3837405618, 3838456962, 3839508450, 3840560082, 3841611858, 3842663778, 3843715842, 3844768050, 3845820402, 3846872898, 3847925538, 3848978322, 3850031250, 3851084322, 3852137538, 3853190898, 3854244402, 3855298050, 3856351842, 3857405778, 3858459858, 3859514082, 3860568450, 3861622962, 3862677618, 3863732418, 3864787362, 3865842450, 3866897682, 3867953058, 3869008578, 3870064242, 3871120050, 3872176002, 3873232098, 3874288338, 3875344722, 3876401250, 3877457922, 3878514738, 3879571698, 3880628802, 3881686050, 3882743442, 3883800978, 3884858658, 3885916482, 3886974450, 3888032562, 3889090818, 3890149218, 3891207762, 3892266450, 3893325282, 3894384258, 3895443378, 3896502642, 3897562050, 3898621602, 3899681298, 3900741138, 3901801122, 3902861250, 3903921522, 3904981938, 3906042498, 3907103202, 3908164050, 3909225042, 3910286178, 3911347458, 3912408882, 3913470450, 3914532162, 3915594018, 3916656018, 3917718162, 3918780450, 3919842882, 3920905458, 3921968178, 3923031042, 3924094050, 3925157202, 3926220498, 3927283938, 3928347522, 3929411250, 3930475122, 3931539138, 3932603298, 3933667602, 3934732050, 3935796642, 3936861378, 3937926258, 3938991282, 3940056450, 3941121762, 3942187218, 3943252818, 3944318562, 3945384450, 3946450482, 3947516658, 3948582978, 3949649442, 3950716050, 3951782802, 3952849698, 3953916738, 3954983922, 3956051250, 3957118722, 3958186338, 3959254098, 3960322002, 3961390050, 3962458242, 3963526578, 3964595058, 3965663682, 3966732450, 3967801362, 3968870418, 3969939618, 3971008962, 3972078450, 3973148082, 3974217858, 3975287778, 3976357842, 3977428050, 3978498402, 3979568898, 3980639538, 3981710322, 3982781250, 3983852322, 3984923538, 3985994898, 3987066402, 3988138050, 3989209842, 3990281778, 3991353858, 3992426082, 3993498450, 3994570962, 3995643618, 3996716418, 3997789362, 3998862450, 3999935682, 4001009058, 4002082578, 4003156242, 4004230050, 4005304002, 4006378098, 4007452338, 4008526722, 4009601250, 4010675922, 4011750738, 4012825698, 4013900802, 4014976050, 4016051442, 4017126978, 4018202658, 4019278482, 4020354450, 4021430562, 4022506818, 4023583218, 4024659762, 4025736450, 4026813282, 4027890258, 4028967378, 4030044642, 4031122050, 4032199602, 4033277298, 4034355138, 4035433122, 4036511250, 4037589522, 4038667938, 4039746498, 4040825202, 4041904050, 4042983042, 4044062178, 4045141458, 4046220882, 4047300450, 4048380162, 4049460018, 4050540018, 4051620162, 4052700450, 4053780882, 4054861458, 4055942178, 4057023042, 4058104050, 4059185202, 4060266498, 4061347938, 4062429522, 4063511250, 4064593122, 4065675138, 4066757298, 4067839602, 4068922050, 4070004642, 4071087378, 4072170258, 4073253282, 4074336450, 4075419762, 4076503218, 4077586818, 4078670562, 4079754450, 4080838482, 4081922658, 4083006978, 4084091442, 4085176050, 4086260802, 4087345698, 4088430738, 4089515922, 4090601250, 4091686722, 4092772338, 4093858098, 4094944002, 4096030050, 4097116242, 4098202578, 4099289058, 4100375682, 4101462450, 4102549362, 4103636418, 4104723618, 4105810962, 4106898450, 4107986082, 4109073858, 4110161778, 4111249842, 4112338050, 4113426402, 4114514898, 4115603538, 4116692322, 4117781250, 4118870322, 4119959538, 4121048898, 4122138402, 4123228050, 4124317842, 4125407778, 4126497858, 4127588082, 4128678450, 4129768962, 4130859618, 4131950418, 4133041362, 4134132450, 4135223682, 4136315058, 4137406578, 4138498242, 4139590050, 4140682002, 4141774098, 4142866338, 4143958722, 4145051250, 4146143922, 4147236738, 4148329698, 4149422802, 4150516050, 4151609442, 4152702978, 4153796658, 4154890482, 4155984450, 4157078562, 4158172818, 4159267218, 4160361762, 4161456450, 4162551282, 4163646258, 4164741378, 4165836642, 4166932050, 4168027602, 4169123298, 4170219138, 4171315122, 4172411250, 4173507522, 4174603938, 4175700498, 4176797202, 4177894050, 4178991042, 4180088178, 4181185458, 4182282882, 4183380450, 4184478162, 4185576018, 4186674018, 4187772162, 4188870450, 4189968882, 4191067458, 4192166178, 4193265042, 4194364050, 4195463202, 4196562498, 4197661938, 4198761522, 4199861250, 4200961122, 4202061138, 4203161298, 4204261602, 4205362050, 4206462642, 4207563378, 4208664258, 4209765282, 4210866450, 4211967762, 4213069218, 4214170818, 4215272562, 4216374450, 4217476482, 4218578658, 4219680978, 4220783442, 4221886050, 4222988802, 4224091698, 4225194738, 4226297922, 4227401250, 4228504722, 4229608338, 4230712098, 4231816002, 4232920050, 4234024242, 4235128578, 4236233058, 4237337682, 4238442450, 4239547362, 4240652418, 4241757618, 4242862962, 4243968450, 4245074082, 4246179858, 4247285778, 4248391842, 4249498050, 4250604402, 4251710898, 4252817538, 4253924322, 4255031250, 4256138322, 4257245538, 4258352898, 4259460402, 4260568050, 4261675842, 4262783778, 4263891858, 4265000082, 4266108450, 4267216962, 4268325618, 4269434418, 4270543362, 4271652450, 4272761682, 4273871058, 4274980578, 4276090242, 4277200050, 4278310002, 4279420098, 4280530338, 4281640722, 4282751250, 4283861922, 4284972738, 4286083698, 4287194802, 4288306050, 4289417442, 4290528978, 4291640658, 4292752482, 4293864450, 4294976562, 4296088818, 4297201218, 4298313762, 4299426450, 4300539282, 4301652258, 4302765378, 4303878642, 4304992050, 4306105602, 4307219298, 4308333138, 4309447122, 4310561250, 4311675522, 4312789938, 4313904498, 4315019202, 4316134050, 4317249042, 4318364178, 4319479458, 4320594882, 4321710450, 4322826162, 4323942018, 4325058018, 4326174162, 4327290450, 4328406882, 4329523458, 4330640178, 4331757042, 4332874050, 4333991202, 4335108498, 4336225938, 4337343522, 4338461250, 4339579122, 4340697138, 4341815298, 4342933602, 4344052050, 4345170642, 4346289378, 4347408258, 4348527282, 4349646450, 4350765762, 4351885218, 4353004818, 4354124562, 4355244450, 4356364482, 4357484658, 4358604978, 4359725442, 4360846050, 4361966802, 4363087698, 4364208738, 4365329922, 4366451250, 4367572722, 4368694338, 4369816098, 4370938002, 4372060050, 4373182242, 4374304578, 4375427058, 4376549682, 4377672450, 4378795362, 4379918418, 4381041618, 4382164962, 4383288450, 4384412082, 4385535858, 4386659778, 4387783842, 4388908050, 4390032402, 4391156898, 4392281538, 4393406322, 4394531250, 4395656322, 4396781538, 4397906898, 4399032402, 4400158050, 4401283842, 4402409778, 4403535858, 4404662082, 4405788450, 4406914962, 4408041618, 4409168418, 4410295362, 4411422450, 4412549682, 4413677058, 4414804578, 4415932242, 4417060050, 4418188002, 4419316098, 4420444338, 4421572722, 4422701250, 4423829922, 4424958738, 4426087698, 4427216802, 4428346050, 4429475442, 4430604978, 4431734658, 4432864482, 4433994450, 4435124562, 4436254818, 4437385218, 4438515762, 4439646450, 4440777282, 4441908258, 4443039378, 4444170642, 4445302050, 4446433602, 4447565298, 4448697138, 4449829122, 4450961250, 4452093522, 4453225938, 4454358498, 4455491202, 4456624050, 4457757042, 4458890178, 4460023458, 4461156882, 4462290450, 4463424162, 4464558018, 4465692018, 4466826162, 4467960450, 4469094882, 4470229458, 4471364178, 4472499042, 4473634050, 4474769202, 4475904498, 4477039938, 4478175522, 4479311250, 4480447122, 4481583138, 4482719298, 4483855602, 4484992050, 4486128642, 4487265378, 4488402258, 4489539282, 4490676450, 4491813762, 4492951218, 4494088818, 4495226562, 4496364450, 4497502482, 4498640658, 4499778978, 4500917442, 4502056050, 4503194802, 4504333698, 4505472738, 4506611922, 4507751250, 4508890722, 4510030338, 4511170098, 4512310002, 4513450050, 4514590242, 4515730578, 4516871058, 4518011682, 4519152450, 4520293362, 4521434418, 4522575618, 4523716962, 4524858450, 4526000082, 4527141858, 4528283778, 4529425842, 4530568050, 4531710402, 4532852898, 4533995538, 4535138322, 4536281250, 4537424322, 4538567538, 4539710898, 4540854402, 4541998050, 4543141842, 4544285778, 4545429858, 4546574082, 4547718450, 4548862962, 4550007618, 4551152418, 4552297362, 4553442450, 4554587682, 4555733058, 4556878578, 4558024242, 4559170050, 4560316002, 4561462098, 4562608338, 4563754722, 4564901250, 4566047922, 4567194738, 4568341698, 4569488802, 4570636050, 4571783442, 4572930978, 4574078658, 4575226482, 4576374450, 4577522562, 4578670818, 4579819218, 4580967762, 4582116450, 4583265282, 4584414258, 4585563378, 4586712642, 4587862050, 4589011602, 4590161298, 4591311138, 4592461122, 4593611250, 4594761522, 4595911938, 4597062498, 4598213202, 4599364050, 4600515042, 4601666178, 4602817458, 4603968882, 4605120450, 4606272162, 4607424018, 4608576018, 4609728162, 4610880450, 4612032882, 4613185458, 4614338178, 4615491042, 4616644050, 4617797202, 4618950498, 4620103938, 4621257522, 4622411250, 4623565122, 4624719138, 4625873298, 4627027602, 4628182050, 4629336642, 4630491378, 4631646258, 4632801282, 4633956450, 4635111762, 4636267218, 4637422818, 4638578562, 4639734450, 4640890482, 4642046658, 4643202978, 4644359442, 4645516050, 4646672802, 4647829698, 4648986738, 4650143922, 4651301250, 4652458722, 4653616338, 4654774098, 4655932002, 4657090050, 4658248242, 4659406578, 4660565058, 4661723682, 4662882450, 4664041362, 4665200418, 4666359618, 4667518962, 4668678450, 4669838082, 4670997858, 4672157778, 4673317842, 4674478050, 4675638402, 4676798898, 4677959538, 4679120322, 4680281250, 4681442322, 4682603538, 4683764898, 4684926402, 4686088050, 4687249842, 4688411778, 4689573858, 4690736082, 4691898450, 4693060962, 4694223618, 4695386418, 4696549362, 4697712450, 4698875682, 4700039058, 4701202578, 4702366242, 4703530050, 4704694002, 4705858098, 4707022338, 4708186722, 4709351250, 4710515922, 4711680738, 4712845698, 4714010802, 4715176050, 4716341442, 4717506978, 4718672658, 4719838482, 4721004450, 4722170562, 4723336818, 4724503218, 4725669762, 4726836450, 4728003282, 4729170258, 4730337378, 4731504642, 4732672050, 4733839602, 4735007298, 4736175138, 4737343122, 4738511250, 4739679522, 4740847938, 4742016498, 4743185202, 4744354050, 4745523042, 4746692178, 4747861458, 4749030882, 4750200450, 4751370162, 4752540018, 4753710018, 4754880162, 4756050450, 4757220882, 4758391458, 4759562178, 4760733042, 4761904050, 4763075202, 4764246498, 4765417938, 4766589522, 4767761250, 4768933122, 4770105138, 4771277298, 4772449602, 4773622050, 4774794642, 4775967378, 4777140258, 4778313282, 4779486450, 4780659762, 4781833218, 4783006818, 4784180562, 4785354450, 4786528482, 4787702658, 4788876978, 4790051442, 4791226050, 4792400802, 4793575698, 4794750738, 4795925922, 4797101250, 4798276722, 4799452338, 4800628098, 4801804002, 4802980050, 4804156242, 4805332578, 4806509058, 4807685682, 4808862450, 4810039362, 4811216418, 4812393618, 4813570962, 4814748450, 4815926082, 4817103858, 4818281778, 4819459842, 4820638050, 4821816402, 4822994898, 4824173538, 4825352322, 4826531250, 4827710322, 4828889538, 4830068898, 4831248402, 4832428050, 4833607842, 4834787778, 4835967858, 4837148082, 4838328450, 4839508962, 4840689618, 4841870418, 4843051362, 4844232450, 4845413682, 4846595058, 4847776578, 4848958242, 4850140050, 4851322002, 4852504098, 4853686338, 4854868722, 4856051250, 4857233922, 4858416738, 4859599698, 4860782802, 4861966050, 4863149442, 4864332978, 4865516658, 4866700482, 4867884450, 4869068562, 4870252818, 4871437218, 4872621762, 4873806450, 4874991282, 4876176258, 4877361378, 4878546642, 4879732050, 4880917602, 4882103298, 4883289138, 4884475122, 4885661250, 4886847522, 4888033938, 4889220498, 4890407202, 4891594050, 4892781042, 4893968178, 4895155458, 4896342882, 4897530450, 4898718162, 4899906018, 4901094018, 4902282162, 4903470450, 4904658882, 4905847458, 4907036178, 4908225042, 4909414050, 4910603202, 4911792498, 4912981938, 4914171522, 4915361250, 4916551122, 4917741138, 4918931298, 4920121602, 4921312050, 4922502642, 4923693378, 4924884258, 4926075282, 4927266450, 4928457762, 4929649218, 4930840818, 4932032562, 4933224450, 4934416482, 4935608658, 4936800978, 4937993442, 4939186050, 4940378802, 4941571698, 4942764738, 4943957922, 4945151250, 4946344722, 4947538338, 4948732098, 4949926002, 4951120050, 4952314242, 4953508578, 4954703058, 4955897682, 4957092450, 4958287362, 4959482418, 4960677618, 4961872962, 4963068450, 4964264082, 4965459858, 4966655778, 4967851842, 4969048050, 4970244402, 4971440898, 4972637538, 4973834322, 4975031250, 4976228322, 4977425538, 4978622898, 4979820402, 4981018050, 4982215842, 4983413778, 4984611858, 4985810082, 4987008450, 4988206962, 4989405618, 4990604418, 4991803362, 4993002450, 4994201682, 4995401058, 4996600578, 4997800242, 4999000050]
Time: Sat May 30 04:08:40 2015

run time: 131441.000000
==========
