==========
Running seek with root {-3,5,8,8,} and ceiling 100000000
Time: Fri Dec 25 00:12:25 2015

In seek
making child 0...
making child 1...
making child 2...
making child 3...
I'm child 0
Running fuchsian
I'm child 1
Running fuchsian
I'm child 2
Running fuchsian
I'm child 3
Running fuchsian
exiting child 0
one child finished, waiting on it
exiting child 1
one child finished, waiting on it
exiting child 2
exiting child 3
Time: Fri Dec 25 00:19:22 2015

Running genealogy
Time: Fri Dec 25 00:19:22 2015

Running valuesOf
Time: Fri Dec 25 00:19:22 2015

Running testOrbit
testOrbit results: pass
Time: Fri Dec 25 00:19:48 2015

Running path and compare

 Length=4384 [0, 24, 36, 60, 69, 72, 80, 84, 96, 144, 164, 180, 212, 216, 240, 248, 300, 324, 344, 360, 384, 408, 416, 429, 432, 440, 444, 468, 476, 500, 504, 516, 564, 576, 600, 636, 696, 732, 740, 840, 864, 885, 888, 896, 900, 936, 996, 1004, 1044, 1056, 1104, 1124, 1176, 1224, 1268, 1296, 1332, 1340, 1356, 1380, 1389, 1404, 1424, 1464, 1476, 1536, 1572, 1581, 1596, 1644, 1716, 1760, 1764, 1808, 1812, 1920, 1944, 1956, 2060, 2088, 2096, 2136, 2160, 2280, 2304, 2340, 2364, 2400, 2448, 2456, 2540, 2556, 2568, 2648, 2664, 2684, 2709, 2712, 2736, 2768, 2784, 2904, 2916, 2936, 2964, 3104, 3156, 3240, 3324, 3336, 3380, 3456, 3600, 3636, 3765, 3776, 3780, 3804, 3876, 3948, 3960, 4020, 4056, 4188, 4200, 4280, 4284, 4296, 4316, 4356, 4416, 4544, 4704, 4760, 4856, 4980, 5004, 5028, 5040, 5064, 5076, 5136, 5184, 5204, 5244, 5304, 5400, 5424, 5448, 5456, 5540, 5564, 5580, 5736, 5760, 5856, 5888, 6044, 6072, 6084, 6132, 6144, 6240, 6396, 6416, 6516, 6525, 6552, 6588, 6596, 6660, 6672, 6684, 6800, 6884, 6936, 7032, 7044, 7056, 7076, 7164, 7200, 7212, 7236, 7356, 7380, 7440, 7632, 7656, 7664, 7725, 7776, 7836, 7964, 8100, 8144, 8160, 8220, 8280, 8424, 8640, 8664, 8700, 8856, 8880, 8904, 9000, 9048, 9144, 9156, 9216, 9264, 9540, 9600, 9644, 9684, 9732, 9804, 9909, 9912, 9924, 10104, 10152, 10296, 10404, 10440, 10484, 10496, 10544, 10584, 10680, 10860, 10884, 11616, 11640, 11664, 11685, 11760, 11784, 11840, 11844, 11856, 11940, 12036, 12216, 12336, 12396, 12420, 12501, 12504, 12588, 12624, 12696, 12744, 12860, 12996, 13044, 13116, 13176, 13200, 13284, 13344, 13436, 13524, 13664, 13824, 13964, 14100, 14232, 14400, 14424, 14480, 14616, 14664, 15000, 15200, 15204, 15284, 15336, 15480, 15536, 15704, 15716, 15804, 15876, 15896, 16056, 16224, 16308, 16460, 16632, 16740, 16800, 16848, 16965, 17016, 17076, 17340, 17424, 17460, 17496, 17604, 17916, 18045, 18240, 18276, 18429, 18756, 18816, 18996, 19044, 19116, 19356, 19484, 19736, 19752, 19812, 19832, 19836, 19860, 19944, 20184, 20364, 20540, 20604, 20736, 20820, 21060, 21144, 21356, 21600, 21720, 21836, 21912, 22104, 22140, 22488, 22500, 22524, 22644, 22704, 23064, 23196, 23208, 23664, 23900, 23904, 24264, 24336, 24480, 24576, 25140, 25584, 25800, 25836, 25856, 26136, 26244, 26304, 26624, 26640, 26676, 26960, 27516, 27600, 27744, 27876, 27936, 28224, 28380, 28404, 28584, 28740, 28976, 29096, 29196, 29400, 29784, 30036, 30176, 30180, 30204, 30276, 30432, 30456, 30660, 30740, 30996, 31080, 31104, 31140, 31176, 31356, 31524, 31572, 31824, 32400, 32756, 32856, 33036, 33156, 33680, 33720, 33780, 34116, 34200, 34596, 34656, 34796, 34800, 34884, 35088, 35160, 35292, 35541, 35940, 35984, 36200, 36372, 36504, 36588, 36864, 36896, 36980, 37460, 37824, 37896, 38400, 38520, 38840, 39204, 39240, 39420, 39864, 40344, 40404, 40476, 40596, 40725, 41124, 41424, 41616, 41880, 41936, 41976, 42336, 42668, 42780, 43224, 43476, 44076, 44100, 44376, 44484, 44880, 45576, 45660, 46260, 46464, 46656, 47304, 47544, 48272, 48600, 49140, 49284, 49860, 50144, 50340, 50784, 50940, 51360, 51624, 51840, 51984, 52164, 52260, 53016, 53640, 54000, 54024, 54324, 54756, 54876, 54936, 55224, 55284, 55296, 56040, 56196, 56348, 56640, 56940, 57000, 57096, 57276, 57600, 57624, 58116, 58404, 58460, 58560, 58656, 59480, 59640, 59876, 60000, 60108, 60324, 60516, 61956, 62424, 62760, 63504, 64404, 64560, 64716, 64896, 65085, 65316, 65400, 65484, 65736, 65904, 66216, 66356, 66564, 66876, 67140, 67416, 67476, 67608, 67796, 68256, 68952, 69696, 69984, 70548, 71064, 72000, 72600, 72884, 72900, 73488, 73776, 74000, 74052, 74184, 75264, 75804, 76176, 76464, 76524, 76764, 77760, 77940, 77976, 78252, 78900, 79140, 79476, 79524, 79560, 79728, 80184, 80736, 81336, 82944, 83544, 83700, 84180, 84336, 84560, 85644, 86400, 86436, 86940, 87036, 87156, 87216, 87500, 89004, 89016, 89304, 89940, 90000, 90792, 92124, 92256, 92760, 93636, 93996, 94040, 95184, 95256, 95856, 96408, 96624, 97344, 98160, 98304, 99480, 100368, 100880, 101100, 101124, 101400, 101664, 101976, 103272, 104544, 104976, 105300, 105576, 106896, 107304, 107736, 107996, 108476, 108900, 110256, 110400, 110940, 110976, 111012, 111336, 112544, 112896, 114120, 114264, 114888, 116840, 116964, 117600, 118100, 119640, 119780, 119940, 120984, 121104, 122148, 122712, 122940, 124176, 124416, 125316, 125460, 125880, 126216, 126360, 126888, 127064, 127896, 128484, 128856, 129576, 129600, 129900, 129960, 130164, 131424, 133920, 133956, 134196, 135000, 135336, 136040, 136160, 137364, 137556, 138384, 138624, 138924, 139464, 139680, 140216, 141996, 142020, 142296, 142508, 142776, 142884, 143064, 143196, 144204, 146016, 147456, 148356, 148956, 149748, 149784, 150996, 151224, 151860, 152100, 152244, 152640, 153156, 153600, 155004, 156816, 157332, 157464, 160340, 161376, 161604, 164484, 165336, 165996, 166464, 169344, 171396, 173400, 176400, 177504, 179100, 181008, 181476, 181656, 182256, 182304, 183828, 185580, 185856, 185904, 186360, 186624, 188088, 190104, 191160, 191844, 194400, 195120, 195660, 196740, 197136, 197660, 198108, 198600, 198744, 202500, 203136, 207576, 207804, 207936, 212064, 213120, 213444, 213540, 216600, 219024, 219644, 219960, 221184, 224676, 225420, 225816, 226044, 230400, 230496, 235056, 235224, 235416, 235800, 236196, 236460, 237384, 240000, 242064, 244824, 247776, 247896, 248004, 249696, 250536, 253440, 253740, 254016, 254616, 255660, 255984, 256776, 257256, 257340, 259584, 260100, 260424, 261864, 264600, 266256, 266556, 269664, 272484, 273816, 274032, 274776, 278784, 279800, 279936, 284196, 285144, 285156, 286500, 287024, 287160, 289152, 290400, 290508, 291600, 292584, 295704, 298116, 301056, 304704, 305388, 306456, 311364, 311400, 311904, 313596, 316464, 317400, 318096, 320976, 322944, 324900, 326976, 328100, 328536, 331776, 334176, 336744, 338724, 339048, 339864, 342840, 345600, 345744, 348672, 351384, 351576, 352836, 357216, 360000, 362052, 363096, 367236, 369024, 372804, 374544, 375000, 376104, 381024, 381924, 382020, 387096, 389376, 389436, 392316, 393216, 395676, 396900, 399384, 400140, 404496, 404760, 405096, 405600, 411864, 412164, 418176, 419904, 421440, 424536, 424824, 426900, 427716, 430944, 435600, 436416, 437400, 440844, 443316, 443556, 443904, 449844, 450456, 451584, 457056, 459684, 463704, 467856, 468828, 470400, 476100, 477144, 481260, 483936, 484416, 490776, 492084, 492804, 496116, 497664, 499896, 501264, 504600, 505080, 509796, 511584, 518400, 518616, 525696, 527076, 528840, 532824, 535824, 538596, 540000, 544644, 547224, 552936, 553536, 554496, 561816, 562500, 565344, 569184, 571536, 576600, 580644, 584064, 589824, 591576, 591660, 599076, 599136, 606744, 608400, 609024, 610896, 614400, 617616, 617796, 622104, 626748, 627264, 629856, 631896, 634740, 636180, 636804, 637044, 637656, 645504, 646416, 653400, 656100, 656820, 661344, 665856, 669336, 675684, 677376, 685464, 685584, 693600, 695556, 701784, 705600, 706116, 710016, 712680, 715716, 718296, 725904, 726624, 735000, 736164, 742380, 743424, 746496, 750300, 751896, 756900, 760416, 767376, 768984, 777600, 777924, 786264, 788544, 794976, 799236, 803736, 810000, 812544, 820836, 821400, 830304, 831744, 836160, 839256, 842724, 843576, 848256, 853776, 857304, 864900, 866400, 875544, 876096, 882060, 884736, 887364, 893976, 895740, 898704, 903264, 906480, 910116, 912600, 921600, 921984, 931416, 933156, 940896, 944784, 950424, 956484, 960000, 964836, 968256, 969624, 979296, 980100, 989016, 990864, 992016, 998784, 1004004, 1008600, 1016064, 1018464, 1028196, 1028376, 1038336, 1040400, 1048344, 1052676, 1058400, 1065024, 1067436, 1068504, 1077444, 1078656, 1088856, 1089936, 1099104, 1102500, 1109400, 1115136, 1119744, 1127844, 1130136, 1140576, 1140624, 1151064, 1153476, 1161600, 1166400, 1172184, 1179396, 1182816, 1192464, 1193496, 1204224, 1205604, 1215000, 1218816, 1225824, 1232100, 1236696, 1245456, 1247616, 1258584, 1258884, 1269600, 1272384, 1280664, 1285956, 1291776, 1292580, 1299600, 1302936, 1313316, 1314144, 1325400, 1327104, 1336704, 1340964, 1348056, 1354896, 1359456, 1368900, 1370904, 1382400, 1382976, 1393944, 1397124, 1405536, 1411344, 1417176, 1425636, 1428864, 1440000, 1440600, 1452384, 1454436, 1464216, 1468944, 1476096, 1483524, 1488024, 1498176, 1500000, 1512024, 1512900, 1524096, 1527696, 1536216, 1542564, 1548384, 1557504, 1560600, 1572516, 1572864, 1585176, 1587600, 1597536, 1602756, 1609944, 1617984, 1622400, 1633284, 1634904, 1647456, 1648656, 1660056, 1664100, 1672704, 1679616, 1685400, 1695204, 1698144, 1710864, 1710936, 1723776, 1726596, 1736664, 1742400, 1749600, 1758276, 1762584, 1774224, 1775616, 1788696, 1790244, 1801824, 1806336, 1815000, 1822500, 1828224, 1828740, 1838736, 1841496, 1854816, 1855044, 1868184, 1871424, 1881600, 1887876, 1895064, 1904400, 1908576, 1920996, 1922136, 1935744, 1937664, 1949400, 1954404, 1963104, 1971216, 1976856, 1988100, 1990656, 1997364, 2004504, 2005056, 2012604, 2018400, 2022084, 2032344, 2039184, 2046336, 2056356, 2060376, 2073600, 2074464, 2088600, 2090916, 2102784, 2108304, 2117016, 2125764, 2131296, 2143296, 2145624, 2160000, 2160900, 2174424, 2178576, 2188896, 2196324, 2203416, 2214144, 2217984, 2232036, 2232600, 2247264, 2250000, 2261976, 2268036, 2276736, 2286144, 2291544, 2304324, 2306400, 2321304, 2322576, 2336256, 2340900, 2351256, 2359296, 2366304, 2377764, 2381400, 2396304, 2396544, 2411736, 2414916, 2426976, 2433600, 2442264, 2452356, 2457600, 2471184, 2472984, 2488416, 2490084, 2503896, 2509056, 2519424, 2528100, 2535000, 2547216, 2550624, 2566296, 2566404, 2582016, 2585664, 2590080, 2597784, 2604996, 2613600, 2624400, 2629464, 2643876, 2645376, 2661336, 2663424, 2677344, 2683044, 2693400, 2702736, 2709504, 2722500, 2725656, 2741856, 2742336, 2758104, 2762244, 2774400, 2782224, 2790744, 2802276, 2807136, 2822400, 2823576, 2840064, 2842596, 2856600, 2862864, 2873184, 2883204, 2889816, 2903616, 2906496, 2923224, 2924100, 2940000, 2944656, 2956824, 2965284, 2973696, 2985984, 2990616, 3006756, 3007584, 3024600, 3027600, 3041664, 3048516, 3058776, 3069504, 3075936, 3090564, 3093144, 3110400, 3111696, 3122880, 3127704, 3132900, 3145056, 3154176, 3162456, 3175524, 3179904, 3196944, 3197400, 3214944, 3218436, 3232536, 3240000, 3250176, 3261636, 3267864, 3283344, 3285600, 3303384, 3305124, 3321216, 3326976, 3339096, 3348900, 3357024, 3370896, 3375000, 3392964, 3393024, 3411096, 3415104, 3429216, 3437316, 3447384, 3459600, 3465600, 3481956, 3483864, 3502176, 3504384, 3520536, 3526884, 3538944, 3549456, 3557400, 3572100, 3575904, 3594456, 3594816, 3613056, 3617604, 3631704, 3640464, 3650400, 3663396, 3669144, 3686400, 3687936, 3706776, 3709476, 3725664, 3732624, 3744600, 3755844, 3763584, 3779136, 3782616, 3801696, 3802500, 3820824, 3825936, 3840000, 3849444, 3859224, 3873024, 3878496, 3896676, 3897816, 3917184, 3920400, 3936600, 3944196, 3956064, 3968064, 3975576, 3992004, 3995136, 4014744, 4016016, 4034400, 4040100, 4054104, 4064256, 4073856, 4088484, 4093656, 4112784, 4113504, 4133400, 4137156, 4153344, 4161600, 4173336, 4186116, 4193376, 4210704, 4213464, 4233600, 4235364, 4253784, 4260096, 4274016, 4284900, 4294296, 4309776, 4314624, 4334724, 4335000, 4355424, 4359744, 4375896, 4384836, 4396416, 4410000, 4416984, 4435236, 4437600, 4458264, 4460544, 4478976, 4485924, 4499736, 4511376, 4520544, 4536900, 4541400, 4562304, 4562496, 4583256, 4588164, 4604256, 4613904, 4625304, 4639716, 4646400, 4665600, 4667544, 4688736, 4691556, 4709976, 4717584, 4731264, 4743684, 4752600, 4769856, 4773984, 4795416, 4796100, 4816896, 4822416, 4838424, 4848804, 4860000, 4875264, 4881624, 4901796, 4903296, 4925016, 4928400, 4946784, 4955076, 4968600, 4981824, 4990464, 5008644, 5012376, 5034336, 5035536, 5056344, 5062500, 5078400, 5089536, 5100504, 5116644, 5122656, 5143824, 5144856, 5167104, 5171076, 5189400, 5198400, 5211744, 5225796, 5234136, 5253264, 5256576, 5279064, 5280804, 5301600, 5308416, 5324184, 5336100, 5346816, 5363856, 5369496, 5391684, 5392224, 5415000, 5419584, 5437824, 5447556, 5460696, 5475600, 5483616, 5503716, 5506584, 5529600, 5531904, 5552664, 5560164, 5575776, 5588496, 5598936, 5616900, 5622144, 5645376, 5645400, 5668704, 5673924, 5692056, 5702544, 5715456, 5731236, 5738904, 5760000, 5762400, 5785944, 5788836, 5809536, 5817744, 5833176, 5846724, 5856864, 5875776, 5880600, 5904384, 5904900, 5928216, 5934096, 5952096, 5963364, 5976024, 5992704, 6000000, 6022116, 6024024, 6048096, 6051600, 6072216, 6081156, 6096384, 6110784, 6120600, 6140484, 6144864, 6169176, 6170256, 6193536, 6200100, 6217944, 6230016, 6242400, 6260004, 6266904, 6290064, 6291456, 6316056, 6320196, 6340704, 6350400, 6365400, 6380676, 6390144, 6411024, 6414936, 6439776, 6441444, 6464664, 6471936, 6489600, 6502500, 6514584, 6533136, 6539616, 6563844, 6564696, 6589824, 6594624, 6615000, 6625476, 6640224, 6656400, 6665496, 6687396, 6690816, 6716184, 6718464, 6741600, 6749604, 6767064, 6780816, 6792576, 6812100, 6818136, 6843456, 6843744, 6869400, 6874884, 6895104, 6906384, 6920856, 6937956, 6946656, 6969600, 6972504, 6998400, 7001316, 7024344, 7033104, 7050336, 7064964, 7076376, 7096896, 7102464, 7128600, 7128900, 7154784, 7160976, 7181016, 7193124, 7207296, 7225344, 7233624, 7257636, 7260000, 7286424, 7290000, 7312896, 7322436, 7339416, 7354944, 7365984, 7387524, 7392600, 7419264, 7420176, 7445976, 7452900, 7472736, 7485696, 7499544, 7518564, 7526400, 7551504, 7553304, 7580256, 7584516, 7607256, 7617600, 7634304, 7650756, 7661400, 7683984, 7688544, 7715736, 7717284, 7742976, 7750656, 7770264, 7784100, 7797600, 7817616, 7824984, 7851204, 7852416, 7879896, 7884864, 7907424, 7918596, 7935000, 7952400, 7962624, 7986276, 7990296, 8018016, 8020224, 8045784, 8054244, 8073600, 8088336, 8101464, 8122500, 8129376, 8156736, 8157336, 8185344, 8191044, 8213400, 8225424, 8241504, 8259876, 8269656, 8294400, 8297856, 8326104, 8328996, 8354400, 8363664, 8382744, 8398404, 8411136, 8433216, 8439576, 8468064, 8468100, 8496600, 8503056, 8525184, 8538084, 8553816, 8573184, 8582496, 8608356, 8611224, 8640000, 8643600, 8668824, 8678916, 8697696, 8714304, 8726616, 8749764, 8755584, 8784600, 8785296, 8813664, 8820900, 8842776, 8856576, 8871936, 8892324, 8901144, 8928144, 8930400, 8959704, 8964036, 8989056, 9000000, 9018456, 9036036, 9047904, 9072144, 9077400, 9106944, 9108324, 9136536, 9144576, 9166176, 9180900, 9195864, 9217296, 9225600, 9253764, 9255384, 9285216, 9290304, 9315096, 9326916, 9345024, 9363600, 9375000, 9400356, 9405024, 9435096, 9437184, 9465216, 9474084, 9495384, 9511056, 9525600, 9548100, 9555864, 9585216, 9586176, 9616536, 9622404, 9646944, 9659664, 9677400, 9696996, 9707904, 9734400, 9738456, 9769056, 9771876, 9799704, 9809424, 9830400, 9847044, 9861144, 9884736, 9891936, 9922500, 9922776, 9953664, 9960336, 9984600, 9998244, 10015584, 10036224, 10046616, 10074276, 10077696, 10108824, 10112400, 10140000, 10150596, 10171224, 10188864, 10202496, 10227204, 10233816, 10265184, 10265616, 10296600, 10304100, 10328064, 10342656, 10359576, 10381284, 10391136, 10419984, 10422744, 10454400, 10458756, 10486104, 10497600, 10517856, 10536516, 10549656, 10575504, 10581504, 10613400, 10614564, 10645344, 10653696, 10677336, 10692900, 10709376, 10732176, 10741464, 10771524, 10773600, 10805784, 10810944, 10838016, 10850436, 10870296, 10890000, 10902624, 10929636, 10935000, 10967424, 10969344, 10999896, 11009124, 11032416, 11048976, 11064984, 11088900, 11097600, 11128896, 11130264, 11162976, 11168964, 11195736, 11209104, 11228544, 11249316, 11261400, 11289600, 11294304, 11327256, 11329956, 11360256, 11370384, 11393304, 11410884, 11426400, 11451456, 11459544, 11492100, 11492736, 11525976, 11532816, 11559264, 11573604, 11592600, 11614464, 11625984, 11655396, 11659416, 11692896, 11696400, 11726424, 11737476, 11760000, 11778624, 11793624, 11819844, 11827296, 11861016, 11861136, 11894784, 11902500, 11928600, 11943936, 11962464, 11985444, 11996376, 12027024, 12030336, 12064344, 12068676, 12098400, 12110400, 12132504, 12152196, 12166656, 12194064, 12200856, 12235104, 12236004, 12269400, 12278016, 12303744, 12320100, 12338136, 12362256, 12372576, 12404484, 12407064, 12441600, 12446784, 12476184, 12489156, 12510816, 12531600, 12545496, 12574116, 12580224, 12615000, 12616704, 12649824, 12659364, 12684696, 12702096, 12719616, 12744900, 12754584, 12787776, 12789600, 12824664, 12830724, 12859776, 12873744, 12894936, 12916836, 12930144, 12960000, 12965400, 13000704, 13003236, 13036056, 13046544, 13071456, 13089924, 13106904, 13133376, 13142400, 13176900, 13177944, 13213536, 13220496, 13249176, 13264164, 13284864, 13307904, 13320600, 13351716, 13356384, 13392216, 13395600, 13428096, 13439556, 13464024, 13483584, 13500000, 13527684, 13536024, 13571856, 13572096, 13608216, 13616100, 13644384, 13660416, 13680600, 13704804, 13716864, 13749264, 13753176, 13789536, 13793796, 13825944, 13838400, 13862400, 13883076, 13898904, 13927824, 13935456, 13972056, 13972644, 14008704, 14017536, 14045400, 14062500, 14082144, 14107536, 14118936, 14152644, 14155776, 14192664, 14197824, 14229600, 14243076, 14266584, 14288400, 14303616, 14333796, 14340696, 14377824, 14379264, 14415000, 14424804, 14452224, 14470416, 14489496, 14516100, 14526816, 14561856, 14564184, 14601600, 14607684, 14639064, 14653584, 14676576, 14699556, 14714136, 14745600, 14751744, 14789400, 14791716, 14827104, 14837904, 14864856, 14884164, 14902656, 14930496, 14940504, 14976900, 14978400, 15016344, 15023376, 15054336, 15069924, 15092376, 15116544, 15130464, 15163236, 15168600, 15206784, 15210000, 15245016, 15256836, 15283296, 15303744, 15321624, 15350724, 15360000, 15397776, 15398424, 15436896, 15444900, 15475416, 15492096, 15513984, 15539364, 15552600, 15586704, 15591264, 15629976, 15634116, 15668736, 15681600, 15707544, 15729156, 15746400, 15776784, 15785304, 15824256, 15824484, 15863256, 15872256, 15902304, 15920100, 15941400, 15968016, 15980544, 16016004, 16019736, 16058976, 16064064, 16098264, 16112196, 16137600, 16160400, 16176984, 16208676, 16216416, 16255896, 16257024, 16295424, 16305444, 16335000, 16353936, 16374624, 16402500, 16414296, 16451136, 16454016, 16493784, 16499844, 16533600, 16548624, 16573464, 16597476, 16613376, 16646400, 16653336, 16693344, 16695396, 16733400, 16744464, 16773504, 16793604, 16813656, 16842816, 16853856, 16892100, 16894104, 16934400, 16941456, 16974744, 16990884, 17015136, 17040384, 17055576, 17089956, 17096064, 17136600, 17139600, 17177184, 17189316, 17217816, 17239104, 17258496, 17288964, 17299224, 17338896, 17340000, 17380824, 17388900, 17421696, 17438976, 17462616, 17489124, 17503584, 17539344, 17544600, 17585664, 17589636, 17626776, 17640000, 17667936, 17690436, 17709144, 17740944, 17750400, 17791524, 17791704, 17833056, 17842176, 17874456, 17892900, 17915904, 17943696, 17957400, 17994564, 17998944, 18040536, 18045504, 18082176, 18096516, 18123864, 18147600, 18165600, 18198756, 18207384, 18249216, 18249984, 18291096, 18301284, 18333024, 18352656, 18375000, 18404100, 18417024, 18455616, 18459096, 18501216, 18507204, 18543384, 18558864, 18585600, 18610596, 18627864, 18662400, 18670176, 18712536, 18714276, 18754944, 18766224, 18797400, 18818244, 18839904, 18870336, 18882456, 18922500, 18925056, 18967704, 18974736, 19010400, 19027044, 19053144, 19079424, 19095936, 19131876, 19138776, 19181664, 19184400, 19224600, 19236996, 19267584, 19289664, 19310616, 19342404, 19353696, 19395216, 19396824, 19440000, 19448100, 19483224, 19501056, 19526496, 19554084, 19569816, 19607184, 19613184, 19656600, 19660356, 19700064, 19713600, 19743576, 19766916, 19787136, 19820304, 19830744, 19873764, 19874400, 19918104, 19927296, 19961856, 19980900, 20005656, 20034576, 20049504, 20088324, 20093400, 20137344, 20142144, 20181336, 20196036, 20225376, 20250000, 20269464, 20304036, 20313600, 20357784, 20358144, 20402016, 20412324, 20446296, 20466576, 20490624, 20520900, 20535000, 20575296, 20579424, 20623896, 20629764, 20668416, 20684304, 20712984, 20738916, 20757600, 20793600, 20802264, 20846976, 20848356, 20891736, 20903184, 20936544, 20958084, 20981400, 21013056, 21026304, 21068100, 21071256, 21116256, 21123216, 21161304, 21178404, 21206400, 21233664, 21251544, 21288996, 21296736, 21341976, 21344400, 21387264, 21399876, 21432600, 21455424, 21477984, 21511044, 21523416, 21566736, 21568896, 21614424, 21622500, 21660000, 21678336, 21705624, 21734244, 21751296, 21790224, 21797016, 21842784, 21846276, 21888600, 21902400, 21934464, 21958596, 21980376, 22014864, 22026336, 22071204, 22072344, 22118400, 22127616, 22164504, 22184100, 22210656, 22240656, 22256856, 22297284, 22303104, 22349400, 22353984, 22395744, 22410756, 22442136, 22467600, 22488576, 22524516, 22535064, 22581504, 22581600, 22628184, 22638564, 22674816, 22695696, 22721496, 22752900, 22768224, 22810176, 22815000, 22861824, 22867524, 22908696, 22924944, 22955616, 22982436, 23002584, 23040000, 23049600, 23096664, 23097636, 23143776, 23155344, 23190936, 23213124, 23238144, 23270976, 23285400, 23328900, 23332704, 23380056, 23386896, 23427456, 23444964, 23474904, 23503104, 23522400, 23561316, 23569944, 23617536, 23619600, 23665176, 23677956, 23712864, 23736384, 23760600, 23794884, 23808384, 23853456, 23856216, 23904096, 23912100, 23952024, 23970816, 24000000, 24029604, 24048024, 24088464, 24096096, 24144216, 24147396, 24192384, 24206400, 24240600, 24265476, 24288864, 24324624, 24337176, 24383844, 24385536, 24433944, 24443136, 24482400, 24502500, 24530904, 24561936, 24579456, 24621444, 24628056, 24676704, 24681024, 24725400, 24740676, 24774144, 24800400, 24822936, 24860196, 24871776, 24920064, 24920664, 24969600, 24980004, 25018584, 25040016, 25067616, 25100100, 25116696, 25160256, 25165824, 25215000, 25220484, 25264224, 25280784, 25313496, 25341156, 25362816, 25401600, 25412184, 25461600, 25462116, 25511064, 25522704, 25560576, 25583364, 25610136, 25644096, 25659744, 25704900, 25709400, 25759104, 25765776, 25808856, 25826724, 25858656, 25887744, 25908504, 25948836, 25958400, 26008344, 26010000, 26058336, 26071236, 26108376, 26132544, 26158464, 26193924, 26208600, 26255376, 26258784, 26309016, 26316900, 26359296, 26378496, 26409624, 26440164, 26460000, 26501904, 26510424, 26560896, 26563716, 26611416, 26625600, 26661984, 26687556, 26712600, 26749584, 26763264, 26811684, 26813976, 26864736, 26873856, 26915544, 26936100, 26966400, 26998416, 27017304, 27060804, 27068256, 27119256, 27123264, 27170304, 27185796, 27221400, 27248400, 27272544, 27311076, 27323736, 27373824, 27374976, 27426264, 27436644, 27477600, 27499536, 27528984, 27562500, 27580416, 27625536, 27631896, 27683424, 27688644, 27735000, 27751824, 27786624, 27815076, 27838296, 27878400, 27890016, 27941784, 27941796, 27993600, 28005264, 28045464, 28068804, 28097376, 28132416, 28149336, 28196100, 28201344, 28253400, 28259856, 28305504, 28323684, 28357656, 28387584, 28409856, 28451556, 28462104, 28514400, 28515600, 28566744, 28579716, 28619136, 28643904, 28671576, 28708164, 28724064, 28772496, 28776600, 28829184, 28836900, 28881816, 28901376, 28934496, 28965924, 28987224, 29030544, 29040000, 29092824, 29095236, 29145696, 29160000, 29198616, 29224836, 29251584, 29289744, 29304600, 29354724, 29357664, 29410776, 29419776, 29463936, 29484900, 29517144, 29550096, 29570400, 29615364, 29623704, 29677056, 29680704, 29730456, 29746116, 29783904, 29811600, 29837400, 29877156, 29890944, 29942784, 29944536, 29998176, 30008484, 30051864, 30074256, 30105600, 30140100, 30159384, 30206016, 30213216, 30267096, 30272004, 30321024, 30338064, 30375000, 30404196, 30429024, 30470400, 30483096, 30536676, 30537216, 30591384, 30603024, 30645600, 30669444, 30699864, 30735936, 30754176, 30802500, 30808536, 30862944, 30869136, 30917400, 30935844, 30971904, 31002624, 31026456, 31069476, 31081056, 31135704, 31136400, 31190400, 31203396, 31245144, 31270464, 31299936, 31337604, 31354776, 31404816, 31409664, 31464600, 31472100, 31519584, 31539456, 31574616, 31606884, 31629696, 31674384, 31684824, 31740000, 31741956, 31795224, 31809600, 31850496, 31877316, 31905816, 31945104, 31961184, 32012964, 32016600, 32072064, 32080896, 32127576, 32148900, 32183136, 32216976, 32238744, 32285124, 32294400, 32350104, 32353344, 32405856, 32421636, 32461656, 32490000, 32517504, 32558436, 32573400, 32626944, 32629344, 32685336, 32695524, 32741376, 32764176, 32797464, 32832900, 32853600, 32901696, 32909784, 32966016, 32970564, 33022296, 33039504, 33078624, 33108516, 33135000, 33177600, 33191424, 33246756, 33247896, 33304416, 33315984, 33360984, 33385284, 33417600, 33454656, 33474264, 33524100, 33530976, 33587736, 33593616, 33644544, 33663204, 33701400, 33732864, 33758304, 33802596, 33815256, 33872256, 33872400, 33929304, 33942276, 33986400, 34012224, 34043544, 34082244, 34100736, 34152336, 34157976, 34215264, 34222500, 34272600, 34292736, 34329984, 34363044, 34387416, 34433424, 34444896, 34502424, 34503876, 34560000, 34574400, 34617624, 34644996, 34675296, 34715664, 34733016, 34786404, 34790784, 34848600, 34857216, 34906464, 34928100, 34964376, 34999056, 35022336, 35070084, 35080344, 35138400, 35141184, 35196504, 35212356, 35254656, 35283600, 35312856, 35354916, 35371104, 35426304, 35429400, 35487744, 35497764, 35546136, 35569296, 35604576, 35640900, 35663064, 35712576, 35721600, 35780184, 35784324, 35838816, 35856144, 35897496, 35928036, 35956224, 36000000, 36015000, 36072036, 36073824, 36132696, 36144144, 36191616, 36216324, 36250584, 36288576, 36309600, 36360900, 36368664, 36427776, 36433296, 36486936, 36505764, 36546144, 36578304, 36605400, 36650916, 36664704, 36723600, 36724056, 36783456, 36796356, 36842904, 36869184, 36902400, 36942084, 36961944, 37015056, 37021536, 37081176, 37088100, 37140864, 37161216, 37200600, 37234404, 37260384, 37307664, 37320216, 37380096, 37380996, 37440024, 37454400, 37500000, 37527876, 37560024, 37601424, 37620096, 37675044, 37680216, 37740384, 37748736, 37800600, 37822500, 37860864, 37896336, 37921176, 37970244, 37981536, 38041944, 38044224, 38102400, 38118276, 38162904, 38192400, 38223456, 38266596, 38284056, 38340864, 38344704, 38405400, 38415204, 38466144, 38489616, 38526936, 38564100, 38587776, 38638656, 38648664, 38709600, 38713284, 38770584, 38787984, 38831616, 38862756, 38892696, 38937600, 38953824, 39012516, 39015000, 39076224, 39087504, 39137496, 39162564, 39198816, 39237696, 39260184, 39312900, 39321600, 39383064, 39388176, 39444576, 39463524, 39506136, 39538944, 39567744, 39614436, 39629400, 39690000, 39691104, 39752856, 39765636, 39814656, 39841344, 39876504, 39917124, 39938400, 39992976, 40000344, 40062336, 40068900, 40124376, 40144896, 40186464, 40220964, 40248600, 40297104, 40310784, 40373016, 40373316, 40435296, 40449600, 40497624, 40525956, 40560000, 40602384, 40622424, 40678884, 40684896, 40747416, 40755456, 40809984, 40832100, 40872600, 40908816, 40935264, 40985604, 40997976, 41060736, 41062464, 41123544, 41139396, 41186400, 41216400, 41249304, 41293476, 41312256, 41370624, 41375256, 41438304, 41447844, 41501400, 41525136, 41564544, 41602500, 41627736, 41679936, 41690976, 41754264, 41757444, 41817600, 41835024, 41880984, 41912676, 41944416, 41990400, 42007896, 42068196, 42071424, 42135000, 42146064, 42198624, 42224004, 42262296, 42302016, 42326016, 42380100, 42389784, 42453600, 42458256, 42517464, 42536484, 42581376, 42614784, 42645336, 42693156, 42709344, 42771600, 42773400, 42837504, 42850116, 42901656, 42928704, 42965856, 43007364, 43030104, 43086096, 43094400, 43158744, 43164900, 43223136, 43243776, 43287576, 43322724, 43352064, 43401744, 43416600, 43480836, 43481184, 43545816, 43560000, 43610496, 43639236, 43675224, 43718544, 43740000, 43797924, 43804824, 43869696, 43877376, 43934616, 43956900, 43999584, 44036496, 44064600, 44116164, 44129664, 44194776, 44195904, 44259936, 44275716, 44325144, 44355600, 44390400, 44435556, 44455704, 44515584, 44521056, 44586456, 44595684, 44651904, 44675856, 44717400, 44756100, 44782944, 44836416, 44848536, 44914176, 44916804, 44979864, 44997264, 45045600, 45077796, 45111384, 45158400, 45177216, 45239076, 45243096, 45309024, 45319824, 45375000, 45400644, 45441024, 45481536, 45507096, 45562500, 45573216, 45639384, 45643536, 45705600, 45724644, 45771864, 45805824, 45838176, 45887076, 45904536, 45968400, 45970944, 46037400, 46049796, 46103904, 46131264, 46170456, 46212804, 46237056, 46294416, 46303704, 46370400, 46376100, 46437144, 46457856, 46503936, 46539684, 46570776, 46621584, 46637664, 46703556, 46704600, 46771584, 46785600, 46838616, 46867716, 46905696, 46949904, 46972824, 47032164, 47040000, 47107224, 47114496, 47174496, 47196900, 47241816, 47279376, 47309184, 47361924, 47376600, 47444064, 47444544, 47511576, 47527236, 47579136, 47610000, 47646744, 47692836, 47714400, 47775744, 47782104, 47849856, 47858724, 47917656, 47941776, 47985504, 48024900, 48053400, 48108096, 48121344, 48189336, 48191364, 48257376, 48274704, 48325464, 48358116, 48393600, 48441600, 48461784, 48525156, 48530016, 48598296, 48608784, 48666624, 48692484, 48735000, 48776256, 48803424, 48860100, 48871896, 48940416, 48944016, 49008984, 49028004, 49077600, 49112064, 49146264, 49196196, 49214976, 49280400, 49283736, 49352544, 49364676, 49421400, 49449024, 49490304, 49533444, 49559256, 49617936, 49628256, 49697304, 49702500, 49766400, 49787136, 49835544, 49871844, 49904736, 49956624, 49973976, 50041476, 50043264, 50112600, 50126400, 50181984, 50211396, 50251416, 50296464, 50320896, 50381604, 50390424, 50460000, 50466816, 50529624, 50552100, 50599296, 50637456, 50669016, 50722884, 50738784, 50808384, 50808600, 50878464, 50893956, 50948376, 50979600, 51018336, 51065316, 51088344, 51151104, 51158400, 51228504, 51236964, 51298656, 51322896, 51368856, 51408900, 51439104, 51494976, 51509400, 51579744, 51581124, 51650136, 51667344, 51720576, 51753636, 51791064, 51840000, 51861600, 51926436, 51932184, 52002816, 52012944, 52073496, 52099524, 52144224, 52186176, 52215000, 52272900, 52285824, 52356696, 52359696, 52427616, 52446564, 52498584, 52533504, 52569600, 52620516, 52640664, 52707600, 52711776, 52782936, 52794756, 52854144, 52881984, 52925400, 52969284, 52996704, 53056656, 53068056, 53139456, 53144100, 53210904, 53231616, 53282400, 53319204, 53353944, 53406864, 53425536, 53494596, 53497176, 53568864, 53582400, 53640600, 53670276, 53712384, 53758224, 53784216, 53846244, 53856096, 53928024, 53934336, 54000000, 54022500, 54072024, 54110736, 54144096, 54199044, 54216216, 54287424, 54288384, 54360600, 54375876, 54432864, 54464400, 54505176, 54552996, 54577536, 54641664, 54649944, 54722400, 54730404, 54794904, 54819216, 54867456, 54908100, 54940056, 54997056, 55012704, 55085400, 55086084, 55158144, 55175184, 55230936, 55264356, 55303776, 55353600, 55376664, 55442916, 55449600, 55522584, 55532304, 55595616, 55621764, 55668696, 55711296, 55741824, 55800900, 55815000, 55888224, 55890576, 55961496, 55980324, 56034816, 56070144, 56108184, 56160036, 56181600, 56250000, 56255064, 56328576, 56340036, 56402136, 56430144, 56475744, 56520324, 56549400, 56610576, 56623104, 56696856, 56700900, 56770656, 56791296, 56844504, 56881764, 56918400, 56972304, 56992344, 57062916, 57066336, 57140376, 57153600, 57214464, 57244356, 57288600, 57335184, 57362784, 57426084, 57437016, 57511296, 57517056, 57585624, 57608100, 57660000, 57699216, 57734424, 57790404, 57808896, 57881664, 57883416, 57957984, 57972996, 58032600, 58064400, 58107264, 58155876, 58181976, 58247424, 58256736, 58331544, 58339044, 58406400, 58430736, 58481304, 58522500, 58556256, 58614336, 58631256, 58706244, 58706304, 58781400, 58798224, 58856544, 58890276, 58931736, 58982400, 59006976, 59074596, 59082264, 59157600, 59166864, 59232984, 59259204, 59308416, 59351616, 59383896, 59444100, 59459424, 59535000, 59536656, 59610624, 59629284, 59686296, 59721984, 59762016, 59814756, 59837784, 59907600, 59913600, 59989464, 60000516, 60065376, 60093504, 60141336, 60186564, 60217344, 60279696, 60293400, 60369504, 60372900, 60445656, 60466176, 60521856, 60559524, 60598104, 60652944, 60674400, 60746436, 60750744, 60827136, 60840000, 60903576, 60933636, 60980064, 61027344, 61056600, 61121124, 61133184, 61209816, 61214976, 61286496, 61308900, 61363224, 61402896, 61440000, 61496964, 61516824, 61591104, 61593696, 61670616, 61685316, 61747584, 61779600, 61824600, 61873956, 61901664, 61968384, 61978776, 62055936, 62062884, 62133144, 62157456, 62210400, 62252100, 62287704, 62346816, 62365056, 62441604, 62442456, 62519904, 62536464, 62597400, 62631396, 62674944, 62726400, 62752536, 62821476, 62830176, 62907864, 62916624, 62985600, 63011844, 63063384, 63107136, 63141216, 63202500, 63219096, 63297024, 63297936, 63375000, 63393444, 63453024, 63489024, 63531096, 63584676, 63609216, 63680400, 63687384, 63765600, 63776196, 63843864, 63872064, 63922176, 63968004, 64000536, 64064016, 64078944, 64157400, 64160100, 64235904, 64256256, 64314456, 64352484, 64393056, 64448784, 64471704, 64545156, 64550400, 64629144, 64641600, 64707936, 64738116, 64786776, 64834704, 64865664, 64931364, 64944600, 65023584, 65028096, 65102616, 65124900, 65181696, 65221776, 65260824, 65318724, 65340000, 65415744, 65419224, 65498496, 65512836, 65577816, 65610000, 65657184, 65707236, 65736600, 65804544, 65816064, 65895576, 65901924, 65975136, 65999376, 66054744, 66096900, 66134400, 66194496, 66214104, 66292164, 66293856, 66373656, 66389904, 66453504, 66487716, 66533400, 66585600, 66613344, 66683556, 66693336, 66773376, 66781584, 66853464, 66879684, 66933600, 66977856, 67013784, 67076100, 67094016, 67174296, 67174416, 67254624, 67272804, 67335000, 67371264, 67415424, 67469796, 67495896, 67568400, 67576416, 67656984, 67667076, 67737600, 67765824, 67818264, 67864644, 67898976, 67963536, 67979736, 68060544, 68062500, 68141400, 68161536, 68222304, 68260644, 68303256, 68359824, 68384256, 68459076, 68465304, 68546400, 68558400, 68627544, 68657796, 68708736, 68757264, 68789976, 68856804, 68871264, 68952600, 68956416, 69033984, 69056100, 69115416, 69155856, 69196896, 69255684, 69278424, 69355584, 69360000, 69441624, 69455556, 69523296, 69555600, 69605016, 69655716, 69686784, 69755904, 69768600, 69850464, 69856164, 69932376, 69956496, 70014336, 70056900, 70096344, 70157376, 70178400, 70257924, 70260504, 70342656, 70358544, 70424856, 70459236, 70507104, 70560000, 70589400, 70660836, 70671744, 70754136, 70761744, 70836576, 70862724, 70919064, 70963776, 71001600, 71064900, 71084184, 71166096, 71166816, 71249496, 71267364, 71332224, 71368704, 71415000, 71470116, 71497824, 71571600, 71580696, 71663616, 71673156, 71746584, 71774784, 71829600, 71876484, 71912664, 71978256, 71995776, 72078936, 72080100, 72162144, 72182016, 72245400, 72284004, 72328704, 72386064, 72412056, 72488196, 72495456, 72578904, 72590400, 72662400, 72692676, 72745944, 72795024, 72829536, 72897444, 72913176, 72996864, 72999936, 73080600, 73102500, 73164384, 73205136, 73248216, 73307844, 73332096, 73410624, 73416024, 73500000, 73513476, 73584024, 73616400, 73668096, 73719396, 73752216, 73822464, 73836384, 73920600, 73925604, 74004864, 74028816, 74089176, 74132100, 74173536, 74235456, 74257944, 74338884, 74342400, 74426904, 74442384, 74511456, 74545956, 74596056, 74649600, 74680704, 74753316, 74765400, 74850144, 74857104, 74934936, 74960964, 75019776, 75064896, 75104664, 75168900, 75189600, 75272976, 75274584, 75359616, 75377124, 75444696, 75481344, 75529824, 75585636, 75615000, 75690000, 75700224, 75785496, 75794436, 75870816, 75898944, 75956184, 76003524, 76041600, 76108176, 76127064, 76212576, 76212900, 76298136, 76317696, 76383744, 76422564, 76469400, 76527504, 76555104, 76632516, 76640856, 76726656, 76737600, 76812504, 76842756, 76898400, 76947984, 76984344, 77053284, 77070336, 77156376, 77158656, 77242464, 77264100, 77328600, 77369616, 77414784, 77475204, 77501016, 77580864, 77587296, 77673624, 77686596, 77760000, 77792400, 77846424, 77898276, 77932896, 78004224, 78019416, 78105984, 78110244, 78192600, 78216336, 78279264, 78322500, 78365976, 78428736, 78452736, 78535044, 78539544, 78626400, 78641424, 78713304, 78747876, 78800256, 78854400, 78887256, 78960996, 78974304, 79061400, 79067664, 79148544, 79174404, 79235736, 79281216, 79322976, 79388100, 79410264, 79495056, 79497600, 79584984, 79602084, 79672416, 79709184, 79759896, 79816356, 79847424, 79923600, 79935000, 80022624, 80030916, 80110296, 80138304, 80198016, 80245764, 80285784, 80353296, 80373600, 80460900, 80461464, 80549376, 80568576, 80637336, 80676324, 80725344, 80784144, 80813400, 80892036, 80901504, 80989656, 81000000, 81077856, 81108036, 81166104, 81216144, 81254400, 81324324, 81342744, 81431136, 81432576, 81519576, 81540900, 81608064, 81649296, 81696600, 81757764, 81785184, 81866304, 81873816, 81962496, 81974916, 82051224, 82083600, 82140000, 82192356, 82228824, 82301184, 82317696, 82406616, 82410084, 82495584, 82519056, 82584600, 82628100, 82673664, 82737216, 82762776, 82846404, 82851936, 82941144, 82955664, 83030400, 83064996, 83119704, 83174400, 83209056, 83283876, 83298456, 83387904, 83393424, 83477400, 83503044, 83566944, 83612736, 83656536, 83722500, 83746176, 83832336, 83835864, 83925600, 83942244, 84015384, 84052224, 84105216, 84162276, 84195096, 84272400, 84285024, 84375000, 84382596, 84465024, 84492864, 84555096, 84603204, 84645216, 84713616, 84735384, 84824100, 84825600, 84915864, 84934656, 85006176, 85045284, 85096536, 85155984, 85186944, 85266756, 85277400, 85367904, 85377600, 85458456, 85488516, 85549056, 85599504, 85639704, 85710564, 85730400, 85821144, 85821696, 85911936, 85932900, 86002776, 86044176, 86093664, 86155524, 86184600, 86266944, 86275584, 86366616, 86378436, 86457696, 86490000, 86548824, 86601636, 86640000, 86713344, 86731224, 86822496, 86825124, 86913816, 86936976, 87005184, 87048900, 87096600, 87160896, 87188064, 87272964, 87279576, 87371136, 87385104, 87462744, 87497316, 87554400, 87609600, 87646104, 87721956, 87737856, 87829656, 87834384, 87921504, 87946884, 88013400, 88059456, 88105344, 88172100, 88197336, 88284816, 88289376, 88381464, 88397604, 88473600, 88510464, 88565784, 88623396, 88658016, 88736400, 88750296, 88842624, 88849476, 88935000, 88962624, 89027424, 89075844, 89119896, 89189136, 89212416, 89302500, 89304984, 89397600, 89415936, 89490264, 89529444, 89582976, 89643024, 89675736, 89756676, 89768544, 89861400, 89870400, 89954304, 89984196, 90047256, 90098064, 90140256, 90212004, 90233304, 90326016, 90326400, 90419544, 90440100, 90512736, 90554256, 90605976, 90668484, 90699264, 90782784, 90792600, 90885984, 90897156, 90979416, 91011600, 91072896, 91126116, 91166424, 91240704, 91260000, 91353624, 91355364, 91447296, 91470096, 91541016, 91584900, 91634784, 91699776, 91728600, 91814724, 91822464, 91916376, 91929744, 92010336, 92044836, 92104344, 92160000, 92198400, 92275236, 92292504, 92386656, 92390544, 92480856, 92505924, 92575104, 92621376, 92669400, 92736900, 92763744, 92852496, 92858136, 92952576, 92968164, 93047064, 93083904, 93141600, 93199716, 93236184, 93315600, 93330816, 93425496, 93431556, 93520224, 93547584, 93615000, 93663684, 93709824, 93779856, 93804696, 93896100, 93899616, 93994584, 94012416, 94089600, 94128804, 94184664, 94245264, 94279776, 94361796, 94374936, 94470144, 94478400, 94565400, 94595076, 94660704, 94711824, 94756056, 94828644, 94851456, 94945536, 94946904, 95042400, 95062500, 95137944, 95179536, 95233536, 95296644, 95329176, 95413824, 95424864, 95520600, 95531076, 95616384, 95648400, 95712216, 95765796, 95808096, 95883264, 95904024, 96000000, 96000804, 96096024, 96118416, 96192096, 96236100, 96288216, 96353856, 96384384, 96471684, 96480600, 96576864, 96589584, 96673176, 96707556, 96769536, 96825600, 96865944, 96943716, 96962400, 97058904, 97061904, 97155456, 97180164, 97252056, 97298496, 97348704, 97416900, 97445400, 97535376, 97542144, 97638936, 97653924, 97735776, 97772544, 97832664, 97891236, 97929600, 98010000, 98026584, 98123616, 98128836, 98220696, 98247744, 98317824, 98366724, 98415000, 98485776, 98512224, 98604900, 98609496, 98706816, 98724096, 98804184, 98843364, 98901600, 98962704, 98999064, 99082116, 99096576, 99194136, 99201600, 99291744, 99321156, 99389400, 99440784, 99487104, 99560484, 99584856, 99680256, 99682656, 99780504, 99800100, 99878400, 99920016, 99976344]
Time: Fri Dec 25 00:20:14 2015

run time: 469.000000
==========
