Running seek with root {-3,4,12,13,} and ceiling 100000000
Time: Thu Apr 16 04:40:58 2015

In seek
Running fuchsian
CURVELIST num_items: 24996050
Time: Thu Apr 16 05:00:12 2015

Running genealogy
Time: Thu Apr 16 05:00:12 2015

Running valuesOf
Time: Thu Apr 16 05:00:12 2015

Running path
Time: Thu Apr 16 05:00:50 2015

Running compare

 Length=3951 [0, 24, 36, 45, 52, 60, 72, 84, 96, 108, 117, 124, 132, 136, 180, 213, 216, 220, 252, 256, 288, 300, 304, 348, 364, 381, 384, 388, 444, 456, 468, 492, 504, 516, 520, 556, 600, 636, 640, 648, 684, 696, 724, 780, 820, 852, 864, 892, 936, 948, 976, 1008, 1044, 1056, 1068, 1084, 1116, 1152, 1176, 1188, 1228, 1260, 1272, 1380, 1396, 1404, 1464, 1480, 1536, 1564, 1576, 1608, 1629, 1636, 1644, 1648, 1708, 1800, 1812, 1816, 1836, 1852, 1872, 1900, 1920, 1944, 2061, 2080, 2088, 2112, 2124, 2136, 2181, 2196, 2244, 2280, 2320, 2340, 2364, 2397, 2400, 2484, 2592, 2616, 2628, 2632, 2644, 2652, 2712, 2868, 2904, 2940, 2964, 2976, 2988, 2992, 3060, 3096, 3120, 3192, 3196, 3204, 3244, 3328, 3336, 3372, 3456, 3496, 3528, 3568, 3664, 3720, 3744, 3804, 3820, 3924, 3952, 3960, 3972, 4000, 4005, 4056, 4104, 4140, 4168, 4176, 4200, 4248, 4284, 4392, 4396, 4404, 4420, 4500, 4536, 4608, 4668, 4704, 4788, 4920, 4948, 4992, 5148, 5160, 5172, 5220, 5232, 5304, 5328, 5380, 5400, 5424, 5448, 5484, 5661, 5668, 5676, 5832, 5844, 5868, 5928, 5988, 6048, 6144, 6264, 6268, 6372, 6504, 6612, 6660, 6900, 6936, 7020, 7156, 7200, 7248, 7252, 7260, 7344, 7404, 7488, 7596, 7644, 7704, 7776, 8032, 8196, 8256, 8316, 8400, 8416, 8508, 8568, 8620, 8664, 8712, 8832, 8916, 9012, 9117, 9144, 9420, 9432, 9540, 9588, 9600, 9640, 10125, 10176, 10212, 10264, 10272, 10288, 10344, 10368, 10428, 10452, 10512, 10524, 10584, 10744, 10968, 11205, 11280, 11308, 11388, 11460, 11616, 11640, 11844, 12012, 12120, 12168, 12220, 12316, 12396, 12696, 12708, 12732, 12744, 12780, 12960, 13116, 13236, 13240, 13344, 13548, 13560, 13572, 13704, 13800, 13824, 13908, 13996, 14100, 14112, 14196, 14256, 14724, 14836, 15000, 15036, 15324, 15372, 15676, 15768, 15784, 15832, 16200, 16224, 16476, 16684, 16740, 16768, 16800, 16980, 17104, 17188, 17232, 17316, 17496, 17640, 17656, 17704, 17916, 18024, 18324, 18432, 18468, 18516, 18660, 18816, 18900, 19036, 19116, 19284, 19308, 19368, 19656, 19752, 20184, 20200, 20388, 20404, 20580, 20808, 20824, 20880, 20928, 21096, 21144, 21300, 21556, 21588, 21600, 21880, 21960, 22020, 22152, 22176, 22308, 22416, 22516, 22812, 22912, 22920, 22932, 23004, 23008, 23064, 23160, 23224, 23316, 23328, 23460, 23532, 23676, 23752, 23808, 23940, 24304, 24456, 24573, 24576, 24792, 24888, 24948, 25044, 25140, 25236, 25380, 25416, 25632, 25800, 25836, 25992, 26004, 26136, 26388, 26808, 26844, 27180, 27228, 27300, 27564, 27744, 27936, 28764, 28800, 28864, 28920, 29136, 29400, 29580, 29676, 29692, 29700, 29944, 30036, 30084, 31080, 31104, 31752, 32028, 32184, 32352, 32544, 32856, 32952, 32980, 33144, 33204, 33360, 33444, 34656, 34684, 34848, 34872, 34908, 35196, 35292, 35412, 35472, 35964, 36504, 36756, 36900, 37884, 37932, 37980, 38088, 38268, 38376, 38400, 38520, 38652, 38820, 38844, 38904, 39288, 39936, 40104, 40344, 40428, 40632, 40680, 40740, 41064, 41472, 41508, 42336, 42556, 43068, 43116, 43188, 43581, 43948, 44124, 44244, 44280, 44376, 45000, 45072, 45300, 45396, 45468, 45480, 45720, 45780, 46116, 46212, 46392, 46464, 46596, 46720, 46980, 47160, 47736, 47916, 48060, 48096, 48600, 48672, 48732, 49020, 49276, 49404, 49584, 49668, 50284, 50460, 50620, 50760, 50784, 50832, 50904, 50928, 51360, 51372, 51516, 51588, 52488, 52528, 52680, 53016, 53172, 53196, 53220, 53424, 53724, 54372, 54444, 55296, 55380, 55608, 55704, 56448, 57348, 57396, 57624, 57861, 58428, 58440, 58992, 59260, 59388, 59592, 60000, 60552, 60616, 60660, 61056, 61440, 61536, 62100, 62244, 62424, 62592, 62760, 62868, 63264, 64144, 64236, 64500, 64797, 64800, 64896, 65340, 65640, 66120, 66552, 67380, 67416, 67572, 68616, 69192, 69984, 70908, 71160, 72180, 72516, 72600, 72672, 73380, 73728, 74784, 75264, 75612, 76824, 77076, 77916, 77976, 78252, 78408, 78456, 78960, 80736, 81576, 82080, 82368, 82780, 82788, 83040, 83232, 83544, 83952, 84264, 84276, 84552, 85248, 85308, 85368, 86052, 86232, 86400, 87216, 87300, 88164, 88200, 89304, 89680, 89928, 89964, 91120, 91656, 92172, 92256, 92580, 93204, 93312, 93468, 93564, 95100, 95196, 95220, 95256, 95328, 95364, 95556, 96108, 96120, 96684, 97620, 97656, 97908, 97968, 98304, 98524, 98568, 100212, 100264, 100488, 101044, 101400, 101472, 101784, 102576, 102660, 103248, 103872, 103968, 104256, 104544, 105408, 105576, 105852, 107640, 107736, 108216, 109116, 109512, 110976, 112296, 112944, 113160, 113676, 114264, 114540, 115200, 116248, 116388, 116772, 117120, 117564, 117600, 118656, 119028, 119320, 119964, 120360, 120984, 121032, 122904, 123000, 123576, 124392, 124416, 124600, 125844, 127008, 127392, 127896, 128700, 130968, 131424, 131844, 131952, 132072, 133128, 135000, 137976, 138624, 139284, 139392, 142296, 143196, 143328, 144744, 145800, 146016, 147360, 147516, 147960, 148140, 149784, 151140, 152124, 152352, 153600, 157092, 157464, 158940, 159048, 159400, 159484, 160152, 161376, 163320, 163392, 164484, 165336, 165372, 165888, 166176, 168300, 169344, 171180, 172500, 172680, 172872, 173400, 173820, 174228, 175276, 175476, 177504, 180000, 180516, 181656, 181800, 182892, 185856, 187272, 189564, 190044, 190104, 190188, 192372, 192660, 194088, 194400, 194560, 194688, 196500, 197412, 198096, 198744, 202248, 202704, 202980, 203136, 206316, 206380, 207576, 208440, 208620, 209952, 210972, 211536, 211560, 212064, 212184, 214872, 216600, 216684, 217800, 218472, 218628, 219960, 221184, 223860, 225792, 225816, 227448, 228828, 230496, 230872, 231504, 233928, 235224, 235560, 236004, 236988, 240000, 241560, 241656, 242208, 244824, 246492, 249616, 249696, 250632, 250848, 254460, 254616, 254640, 256776, 259200, 259584, 260448, 261504, 263016, 264600, 267564, 267912, 269664, 270588, 274776, 276768, 278148, 278952, 279936, 283200, 285144, 285768, 287340, 289080, 290400, 293500, 293676, 294640, 294912, 295704, 300780, 301056, 304032, 304200, 306456, 310812, 311904, 313632, 317400, 318600, 321084, 322944, 323208, 328536, 332928, 334176, 339864, 342792, 345120, 345600, 349656, 350820, 351384, 352800, 353268, 355500, 356472, 357216, 357336, 362440, 362952, 363096, 369024, 373248, 375000, 381024, 383688, 384444, 387096, 389220, 393216, 394272, 399384, 401472, 405000, 405600, 407700, 411024, 411864, 415872, 418176, 418860, 423300, 423396, 424536, 426888, 430944, 436512, 437400, 438048, 439200, 439932, 442020, 443880, 443904, 445464, 449200, 449352, 450456, 455076, 457056, 458244, 460800, 462744, 463704, 464940, 465108, 470400, 472392, 472968, 477144, 483936, 484128, 490776, 496008, 497664, 504600, 508032, 511584, 516732, 517920, 518616, 520200, 525696, 532512, 532824, 540000, 544968, 547224, 553600, 554496, 557568, 561816, 566316, 569184, 570312, 576600, 577260, 583020, 583200, 584064, 585072, 591576, 596232, 599136, 606744, 606780, 609408, 612660, 614400, 619380, 622104, 622728, 629856, 636192, 637656, 639456, 645504, 646248, 649800, 650460, 651924, 653400, 660060, 661344, 663552, 669336, 677376, 677448, 677760, 685464, 691488, 692100, 693600, 701784, 705672, 710016, 718296, 720000, 726624, 734472, 735000, 736224, 740472, 743424, 749088, 751896, 760416, 763848, 768984, 777600, 778752, 786264, 793800, 794976, 803736, 808992, 812544, 821148, 821400, 824328, 825396, 830304, 836496, 839256, 839808, 848256, 855432, 857304, 866400, 871200, 874284, 875544, 884736, 887112, 893976, 903168, 903264, 908820, 912600, 919368, 921984, 924012, 931416, 935712, 940896, 942624, 950424, 952200, 960000, 968832, 969624, 979296, 985608, 989016, 998784, 1002528, 1008600, 1018464, 1019592, 1028376, 1036800, 1038336, 1048344, 1054152, 1058400, 1068504, 1071648, 1078656, 1088856, 1089288, 1099104, 1107072, 1109400, 1119744, 1125000, 1130136, 1140576, 1143072, 1146900, 1151064, 1161288, 1161600, 1164420, 1172184, 1179648, 1181700, 1182816, 1193496, 1198152, 1204224, 1215000, 1216800, 1225824, 1235592, 1236696, 1247616, 1249152, 1254528, 1258584, 1269600, 1273608, 1280664, 1291776, 1292832, 1302936, 1312200, 1314144, 1325400, 1331712, 1336704, 1348056, 1351368, 1359456, 1370904, 1371168, 1382400, 1391112, 1393944, 1405536, 1411200, 1417176, 1421880, 1428864, 1431432, 1440600, 1451808, 1452384, 1464216, 1472328, 1476096, 1488024, 1492992, 1500000, 1512024, 1513800, 1524096, 1534752, 1536216, 1548384, 1552200, 1555848, 1560600, 1572864, 1577088, 1585176, 1597536, 1598472, 1609944, 1620000, 1622400, 1634904, 1641672, 1647456, 1660056, 1663488, 1672704, 1685400, 1685448, 1698144, 1707552, 1710936, 1723776, 1729800, 1736664, 1741680, 1749600, 1752192, 1762584, 1774728, 1775616, 1788696, 1797408, 1801824, 1815000, 1820232, 1828224, 1831740, 1841496, 1843200, 1854816, 1866312, 1868184, 1881600, 1889568, 1895064, 1908576, 1912968, 1922136, 1935744, 1936512, 1949400, 1960200, 1963104, 1976856, 1984032, 1990656, 2004504, 2008008, 2018400, 2032128, 2032344, 2038200, 2046336, 2056392, 2060376, 2074464, 2080800, 2088600, 2102784, 2102880, 2105352, 2117016, 2130048, 2131296, 2145624, 2154888, 2160000, 2174424, 2179872, 2188896, 2203416, 2205000, 2217984, 2230272, 2232600, 2247264, 2255688, 2261976, 2276736, 2281248, 2291544, 2306400, 2306952, 2321304, 2332800, 2336256, 2351256, 2358792, 2366304, 2381400, 2384928, 2396544, 2411208, 2411736, 2426976, 2437632, 2442264, 2457600, 2464200, 2472984, 2488416, 2490912, 2503896, 2517768, 2519424, 2535000, 2544768, 2550624, 2566296, 2571912, 2582016, 2597784, 2599200, 2613600, 2626632, 2629464, 2645376, 2654208, 2661336, 2677344, 2681928, 2693400, 2709504, 2709792, 2725656, 2737800, 2741856, 2758104, 2765952, 2774400, 2790744, 2794248, 2807136, 2822688, 2823576, 2840064, 2851272, 2856600, 2873184, 2880000, 2889816, 2906496, 2908872, 2923224, 2937888, 2940000, 2956824, 2967048, 2973696, 2990616, 2996352, 3007584, 3024600, 3025800, 3041664, 3055392, 3058776, 3075936, 3085128, 3093144, 3110400, 3115008, 3127704, 3145032, 3145056, 3162456, 3175200, 3179904, 3197400, 3205512, 3214944, 3232536, 3235968, 3250176, 3266568, 3267864, 3285600, 3297312, 3303384, 3321216, 3328200, 3337440, 3339096, 3357024, 3359232, 3375000, 3390408, 3393024, 3411096, 3421728, 3429216, 3447384, 3453192, 3465600, 3483864, 3484800, 3502176, 3516552, 3520536, 3538944, 3548448, 3557400, 3575904, 3580488, 3594456, 3612672, 3613056, 3631704, 3645000, 3650400, 3669144, 3677472, 3687936, 3706776, 3710088, 3725664, 3742848, 3744600, 3763584, 3775752, 3782616, 3801696, 3808800, 3820824, 3840000, 3841992, 3859224, 3875328, 3878496, 3897816, 3908808, 3917184, 3936600, 3942432, 3949020, 3956064, 3975576, 3976200, 3981060, 3995136, 4010112, 4014744, 4034400, 4044168, 4054104, 4073856, 4078368, 4093656, 4112712, 4113504, 4133400, 4147200, 4153344, 4173336, 4181832, 4193376, 4213464, 4216608, 4233600, 4251528, 4253784, 4274016, 4286592, 4294296, 4314624, 4321800, 4335000, 4355424, 4357152, 4375896, 4392648, 4396416, 4416984, 4428288, 4437600, 4458264, 4464072, 4478976, 4499736, 4500000, 4520544, 4536072, 4541400, 4562304, 4572288, 4583256, 4604256, 4608648, 4625304, 4645152, 4646400, 4667544, 4681800, 4688736, 4709976, 4718592, 4731264, 4752600, 4755528, 4773984, 4792608, 4795416, 4816896, 4829832, 4838424, 4860000, 4867200, 4881624, 4903296, 4904712, 4925016, 4942368, 4946784, 4968600, 4980168, 4990464, 5012376, 5018112, 5034336, 5056200, 5056344, 5078400, 5094432, 5100504, 5122656, 5132808, 5144856, 5167104, 5171328, 5189400, 5209992, 5211744, 5234136, 5248800, 5256576, 5279064, 5287752, 5301600, 5324184, 5326848, 5346816, 5366088, 5369496, 5392224, 5405472, 5415000, 5437824, 5445000, 5460696, 5483616, 5484672, 5506584, 5524488, 5529600, 5552664, 5564448, 5575776, 5598936, 5604552, 5622144, 5644800, 5645400, 5668704, 5685192, 5692056, 5715456, 5725728, 5738904, 5762400, 5766408, 5785944, 5807232, 5809536, 5833176, 5848200, 5856864, 5880600, 5889312, 5904384, 5928216, 5930568, 5952096, 5971968, 5976024, 6000000, 6013512, 6024024, 6048096, 6055200, 6072216, 6096384, 6097032, 6120600, 6139008, 6144864, 6169176, 6181128, 6193536, 6217944, 6223392, 6242400, 6265800, 6266904, 6291456, 6308352, 6316056, 6340704, 6351048, 6365400, 6390144, 6393888, 6414936, 6436872, 6439776, 6464664, 6480000, 6489600, 6514584, 6523272, 6539616, 6564696, 6566688, 6589824, 6610248, 6615000, 6640224, 6653952, 6665496, 6690816, 6697800, 6716184, 6741600, 6741792, 6767064, 6785928, 6792576, 6818136, 6830208, 6843744, 6869400, 6874632, 6895104, 6919200, 6920856, 6946656, 6963912, 6972504, 6998400, 7008768, 7024344, 7050336, 7053768, 7076376, 7098912, 7102464, 7128600, 7144200, 7154784, 7181016, 7189632, 7207296, 7233624, 7235208, 7260000, 7280928, 7286424, 7312896, 7326792, 7339416, 7354464, 7365984, 7372800, 7392600, 7418952, 7419264, 7445976, 7465248, 7472736, 7499544, 7511688, 7526400, 7553304, 7558272, 7580256, 7605000, 7607256, 7634304, 7651872, 7661400, 7688544, 7698888, 7715736, 7742976, 7746048, 7770264, 7793352, 7797600, 7824984, 7840800, 7852416, 7879896, 7888392, 7907424, 7935000, 7936128, 7962624, 7984008, 7990296, 8018016, 8032032, 8045784, 8073600, 8080200, 8101464, 8128512, 8129376, 8157336, 8176968, 8185344, 8213400, 8225568, 8241504, 8269656, 8274312, 8297856, 8323200, 8326104, 8354400, 8372232, 8382744, 8411136, 8421408, 8439576, 8468064, 8470728, 8496600, 8520192, 8525184, 8553816, 8569800, 8582496, 8611224, 8619552, 8640000, 8668824, 8669448, 8697696, 8719488, 8726616, 8755584, 8769672, 8784600, 8813664, 8820000, 8842776, 8870472, 8871936, 8901144, 8921088, 8930400, 8959704, 8971848, 8989056, 9018456, 9022752, 9047904, 9073800, 9077400, 9106944, 9124992, 9136536, 9166176, 9176328, 9195864, 9225600, 9227808, 9255384, 9279432, 9285216, 9315096, 9331200, 9345024, 9375000, 9383112, 9405024, 9435096, 9435168, 9465216, 9487368, 9495384, 9525600, 9539712, 9555864, 9586176, 9592200, 9616536, 9644832, 9646944, 9677400, 9697608, 9707904, 9738456, 9750528, 9769056, 9799704, 9803592, 9830400, 9856800, 9861144, 9891936, 9910152, 9922776, 9953664, 9963648, 9984600, 10015584, 10017288, 10046616, 10071072, 10077696, 10108824, 10125000, 10140000, 10171224, 10179072, 10202496, 10233288, 10233816, 10265184, 10287648, 10296600, 10328064, 10342152, 10359576, 10391136, 10396800, 10422744, 10451592, 10454400, 10486104, 10506528, 10517856, 10549656, 10561608, 10581504, 10613400, 10616832, 10645344, 10672200, 10677336, 10709376, 10727712, 10741464, 10773600, 10783368, 10805784, 10838016, 10839168, 10870296, 10895112, 10902624, 10935000, 10951200, 10967424, 10999896, 11007432, 11032416, 11063808, 11064984, 11097600, 11120328, 11130264, 11162976, 11176992, 11195736, 11228544, 11233800, 11261400, 11290752, 11294304, 11327256, 11347848, 11360256, 11393304, 11405088, 11426400, 11459544, 11462472, 11492736, 11520000, 11525976, 11559264, 11577672, 11592600, 11625984, 11635488, 11659416, 11692896, 11693448, 11726424, 11751552, 11760000, 11793624, 11809800, 11827296, 11861016, 11868192, 11894784, 11926728, 11928600, 11962464, 11985408, 11996376, 12030336, 12044232, 12064344, 12098400, 12103200, 12132504, 12162312, 12166656, 12200856, 12221568, 12235104, 12269400, 12280968, 12303744, 12338136, 12340512, 12372576, 12400200, 12407064, 12441600, 12460032, 12476184, 12510816, 12520008, 12545496, 12580128, 12580224, 12615000, 12640392, 12649824, 12684696, 12700800, 12719616, 12754584, 12761352, 12789600, 12822048, 12824664, 12859776, 12882888, 12894936, 12930144, 12943872, 12965400, 13000704, 13005000, 13036056, 13066272, 13071456, 13106904, 13127688, 13142400, 13177944, 13189248, 13213536, 13249176, 13250952, 13284864, 13312800, 13320600, 13356384, 13374792, 13392216, 13428096, 13436928, 13464024, 13499208, 13500000, 13536024, 13561632, 13572096, 13608216, 13624200, 13644384, 13680600, 13686912, 13716864, 13749768, 13753176, 13789536, 13812768, 13825944, 13862400, 13875912, 13898904, 13935456, 13939200, 13972056, 14002632, 14008704, 14045400, 14066208, 14082144, 14118936, 14129928, 14155776, 14192664, 14193792, 14229600, 14257800, 14266584, 14303616, 14321952, 14340696, 14377824, 14386248, 14415000, 14450688, 14452224, 14489496, 14515272, 14526816, 14564184, 14580000, 14601600, 14639064, 14644872, 14676576, 14709888, 14714136, 14751744, 14775048, 14789400, 14827104, 14840352, 14864856, 14902656, 14905800, 14940504, 14971392, 14978400, 15016344, 15037128, 15054336, 15092376, 15103008, 15130464, 15168600, 15169032, 15206784, 15235200, 15245016, 15283296, 15301512, 15321624, 15360000, 15367968, 15398424, 15434568, 15436896, 15475416, 15501312, 15513984, 15552600, 15568200, 15591264, 15629976, 15635232, 15668736, 15702408, 15707544, 15746400, 15769728, 15785304, 15824256, 15837192, 15863256, 15902304, 15904800, 15941400, 15972552, 15980544, 16019736, 16040448, 16058976, 16098264, 16108488, 16137600, 16176672, 16176984, 16216416, 16245000, 16255896, 16295424, 16313472, 16335000, 16374624, 16382088, 16414296, 16450848, 16454016, 16493784, 16519752, 16533600, 16573464, 16588800, 16613376, 16653336, 16657992, 16693344, 16727328, 16733400, 16773504, 16796808, 16813656, 16853856, 16866432, 16894104, 16934400, 16936200, 16974744, 17006112, 17015136, 17055576, 17076168, 17096064, 17136600, 17146368, 17177184, 17216712, 17217816, 17258496, 17287200, 17299224, 17340000, 17357832, 17380824, 17421696, 17428608, 17462616, 17499528, 17503584, 17544600, 17570592, 17585664, 17626776, 17641800, 17667936, 17709144, 17713152, 17750400, 17784648, 17791704, 17833056, 17856288, 17874456, 17915904, 17928072, 17957400, 17998944, 18000000, 18040536, 18072072, 18082176, 18123864, 18144288, 18165600, 18207384, 18216648, 18249216, 18289152, 18291096, 18333024, 18361800, 18375000, 18417024, 18434592, 18459096, 18501216, 18507528, 18543384, 18580608, 18585600, 18627864, 18653832, 18670176, 18712536, 18727200, 18754944, 18797400, 18800712, 18839904, 18874368, 18882456, 18925056, 18948168, 18967704, 19010400, 19022112, 19053144, 19095936, 19096200, 19138776, 19170432, 19181664, 19224600, 19244808, 19267584, 19310616, 19319328, 19353696, 19393992, 19396824, 19440000, 19468800, 19483224, 19526496, 19543752, 19569816, 19613184, 19618848, 19656600, 19694088, 19700064, 19743576, 19769472, 19787136, 19830744, 19845000, 19874400, 19918104, 19920672, 19961856, 19996488, 20005656, 20049504, 20072448, 20093400, 20137344, 20148552, 20181336, 20224800, 20225376, 20269464, 20301192, 20313600, 20357784, 20377728, 20402016, 20446296, 20454408, 20490624, 20531232, 20535000, 20579424, 20608200, 20623896, 20668416, 20685312, 20712984, 20757600, 20762568, 20802264, 20839968, 20846976, 20891736, 20917512, 20936544, 20981400, 20995200, 21026304, 21071256, 21073032, 21116256, 21151008, 21161304, 21206400, 21229128, 21251544, 21296736, 21307392, 21341976, 21385800, 21387264, 21432600, 21464352, 21477984, 21523416, 21543048, 21568896, 21614424, 21621888, 21660000, 21700872, 21705624, 21751296, 21780000, 21797016, 21842784, 21859272, 21888600, 21934464, 21938688, 21980376, 22018248, 22026336, 22072344, 22097952, 22118400, 22164504, 22177800, 22210656, 22256856, 22257792, 22303104, 22337928, 22349400, 22395744, 22418208, 22442136, 22488576, 22498632, 22535064, 22579200, 22581600, 22628184, 22659912, 22674816, 22721496, 22740768, 22768224, 22815000, 22821768, 22861824, 22902912, 22908696, 22955616, 22984200, 23002584, 23049600, 23065632, 23096664, 23143776, 23147208, 23190936, 23228928, 23238144, 23285400, 23310792, 23332704, 23380056, 23392800, 23427456, 23474904, 23474952, 23522400, 23557248, 23569944, 23617536, 23639688, 23665176, 23712864, 23722272, 23760600, 23805000, 23808384, 23856216, 23887872, 23904096, 23952024, 23970888, 24000000, 24048024, 24054048, 24096096, 24137352, 24144216, 24192384, 24220800, 24240600, 24288864, 24304392, 24337176, 24385536, 24388128, 24433944, 24472008, 24482400, 24530904, 24556032, 24579456, 24628056, 24640200, 24676704, 24724512, 24725400, 24774144, 24808968, 24822936, 24871776, 24893568, 24920664, 24969600, 24978312, 25018584, 25063200, 25067616, 25116696, 25148232, 25165824, 25215000, 25233408, 25264224, 25313496, 25318728, 25362816, 25404192, 25412184, 25461600, 25489800, 25511064, 25560576, 25575552, 25610136, 25659744, 25661448, 25709400, 25747488, 25759104, 25808856, 25833672, 25858656, 25908504, 25920000, 25958400, 26006472, 26008344, 26058336, 26093088, 26108376, 26158464, 26179848, 26208600, 26258784, 26266752, 26309016, 26353800, 26359296, 26409624, 26440992, 26460000, 26510424, 26528328, 26560896, 26611416, 26615808, 26661984, 26703432, 26712600, 26763264, 26791200, 26813976, 26864736, 26879112, 26915544, 26966400, 26967168, 27017304, 27055368, 27068256, 27119256, 27143712, 27170304, 27221400, 27232200, 27272544, 27320832, 27323736, 27374976, 27409608, 27426264, 27477600, 27498528, 27528984, 27580416, 27587592, 27631896, 27676800, 27683424, 27735000, 27766152, 27786624, 27838296, 27855648, 27890016, 27941784, 27945288, 27993600, 28035072, 28045464, 28097376, 28125000, 28149336, 28201344, 28215072, 28253400, 28305288, 28305504, 28357656, 28395648, 28409856, 28462104, 28486152, 28514400, 28566744, 28576800, 28619136, 28667592, 28671576, 28724064, 28758528, 28776600, 28829184, 28849608, 28881816, 28934496, 28940832, 28987224, 29032200, 29040000, 29092824, 29123712, 29145696, 29198616, 29215368, 29251584, 29304600, 29307168, 29357664, 29399112, 29410776, 29463936, 29491200, 29517144, 29570400, 29583432, 29623704, 29675808, 29677056, 29730456, 29768328, 29783904, 29837400, 29860992, 29890944, 29944536, 29953800, 29998176, 30046752, 30051864, 30105600, 30139848, 30159384, 30213216, 30233088, 30267096, 30321024, 30326472, 30375000, 30420000, 30429024, 30483096, 30513672, 30537216, 30591384, 30607488, 30645600, 30699864, 30701448, 30754176, 30795552, 30808536, 30862944, 30889800, 30917400, 30971904, 30984192, 31026456, 31078728, 31081056, 31135704, 31173408, 31190400, 31245144, 31268232, 31299936, 31354776, 31363200, 31409664, 31458312, 31464600, 31519584, 31553568, 31574616, 31629696, 31648968, 31684824, 31740000, 31744512, 31795224, 31840200, 31850496, 31905816, 31936032, 31961184, 32016600, 32032008, 32072064, 32127576, 32128128, 32183136, 32224392, 32238744, 32294400, 32320800, 32350104, 32405856, 32417352, 32461656, 32514048, 32517504, 32573400, 32610888, 32629344, 32685336, 32707872, 32741376, 32797464, 32805000, 32853600, 32902272, 32909784, 32966016, 32999688, 33022296, 33078624, 33097248, 33135000, 33191424, 33194952, 33247896, 33292800, 33304416, 33360984, 33390792, 33417600, 33474264, 33488928, 33530976, 33587208, 33587736, 33644544, 33685632, 33701400, 33758304, 33784200, 33815256, 33872256, 33882912, 33929304, 33981768, 33986400, 34043544, 34080768, 34100736, 34157976, 34179912, 34215264, 34272600, 34279200, 34329984, 34378632, 34387416, 34444896, 34478208, 34502424, 34560000, 34577928, 34617624, 34675296, 34677792, 34733016, 34777800, 34790784, 34848600, 34877952, 34906464, 34964376, 34978248, 35022336, 35078688, 35080344, 35138400, 35179272, 35196504, 35254656, 35280000, 35312856, 35371104, 35380872, 35429400, 35481888, 35487744, 35546136, 35583048, 35604576, 35663064, 35684352, 35721600, 35780184, 35785800, 35838816, 35887392, 35897496, 35956224, 35989128, 36015000, 36073824, 36091008, 36132696, 36191616, 36193032, 36250584, 36295200, 36309600, 36368664, 36397512, 36427776, 36486936, 36499968, 36546144, 36602568, 36605400, 36664704, 36705312, 36724056, 36783456, 36808200, 36842904, 36902400, 36911232, 36961944, 37014408, 37021536, 37081176, 37117728, 37140864, 37200600, 37221192, 37260384, 37320216, 37324800, 37380096, 37428552, 37440024, 37500000, 37532448, 37560024, 37620096, 37636488, 37680216, 37740384, 37740672, 37800600, 37845000, 37860864, 37921176, 37949472, 37981536, 38041944, 38054088, 38102400, 38158848, 38162904, 38223456, 38263752, 38284056, 38344704, 38368800, 38405400, 38466144, 38473992, 38526936, 38579328, 38587776, 38648664, 38684808, 38709600, 38770584, 38790432, 38831616, 38892696, 38896200, 38953824, 39002112, 39015000, 39076224, 39108168, 39137496, 39198816, 39214368, 39260184, 39320712, 39321600, 39383064, 39427200, 39444576, 39506136, 39533832, 39567744, 39629400, 39640608, 39691104, 39747528, 39752856, 39814656, 39854592, 39876504, 39938400, 39961800, 40000344, 40062336, 40069152, 40124376, 40176648, 40186464, 40248600, 40284288, 40310784, 40373016, 40392072, 40435296, 40497624, 40500000, 40560000, 40608072, 40622424, 40684896, 40716288, 40747416, 40809984, 40824648, 40872600, 40933152, 40935264, 40997976, 41041800, 41060736, 41123544, 41150592, 41186400, 41249304, 41259528, 41312256, 41368608, 41375256, 41438304, 41477832, 41501400, 41564544, 41587200, 41627736, 41690976, 41696712, 41754264, 41806368, 41817600, 41880984, 41916168, 41944416, 42007896, 42026112, 42071424, 42135000, 42136200, 42198624, 42246432, 42262296, 42326016, 42356808, 42389784, 42453600, 42467328, 42517464, 42577992, 42581376, 42645336, 42688800, 42709344, 42773400, 42799752, 42837504, 42901656, 42910848, 42965856, 43022088, 43030104, 43094400, 43133472, 43158744, 43223136, 43245000, 43287576, 43352064, 43356672, 43416600, 43468488, 43481184, 43545816, 43580448, 43610496, 43675224, 43692552, 43740000, 43804800, 43804824, 43869696, 43917192, 43934616, 43999584, 44029728, 44064600, 44129664, 44142408, 44194776, 44255232, 44259936, 44325144, 44368200, 44390400, 44455704, 44481312, 44521056, 44586456, 44594568, 44651904, 44707968, 44717400, 44782944, 44821512, 44848536, 44914176, 44935200, 44979864, 45045600, 45049032, 45111384, 45163008, 45177216, 45243096, 45277128, 45309024, 45375000, 45391392, 45441024, 45505800, 45507096, 45573216, 45620352, 45639384, 45705600, 45735048, 45771864, 45838176, 45849888, 45904536, 45964872, 45970944, 46037400, 46080000, 46103904, 46170456, 46195272, 46237056, 46303704, 46310688, 46370400, 46426248, 46437144, 46503936, 46541952, 46570776, 46637664, 46657800, 46704600, 46771584, 46773792, 46838616, 46889928, 46905696, 46972824, 47006208, 47040000, 47107224, 47122632, 47174496, 47239200, 47241816, 47309184, 47355912, 47376600, 47444064, 47472768, 47511576, 47579136, 47589768, 47646744, 47706912, 47714400, 47782104, 47824200, 47849856, 47917656, 47941632, 47985504, 48053400, 48059208, 48121344, 48176928, 48189336, 48257376, 48294792, 48325464, 48393600, 48412800, 48461784, 48530016, 48530952, 48598296, 48649248, 48666624, 48735000, 48767688, 48803424, 48871896, 48886272, 48940416, 49005000, 49008984, 49077600, 49123872, 49146264, 49214976, 49242888, 49283736, 49352544, 49362048, 49421400, 49481352, 49490304, 49559256, 49600800, 49628256, 49697304, 49720392, 49766400, 49835544, 49840128, 49904736, 49960008, 49973976, 50043264, 50080032, 50112600, 50181984, 50200200, 50251416, 50320512, 50320896, 50390424, 50440968, 50460000, 50529624, 50561568, 50599296, 50669016, 50682312, 50738784, 50803200, 50808600, 50878464, 50924232, 50948376, 51018336, 51045408, 51088344, 51158400, 51166728, 51228504, 51288192, 51298656, 51368856, 51409800, 51439104, 51509400, 51531552, 51579744, 51650136, 51653448, 51720576, 51775488, 51791064, 51861600, 51897672, 51932184, 52002816, 52020000, 52073496, 52142472, 52144224, 52215000, 52265088, 52285824, 52356696, 52387848, 52427616, 52498584, 52510752, 52569600, 52633800, 52640664, 52711776, 52756992, 52782936, 52854144, 52880328, 52925400, 52996704, 53003808, 53068056, 53127432, 53139456, 53210904, 53251200, 53282400, 53353944, 53375112, 53425536, 53497176, 53499168, 53568864, 53623368, 53640600, 53712384, 53747712, 53784216, 53856096, 53872200, 53928024, 53996832, 54000000, 54072024, 54121608, 54144096, 54216216, 54246528, 54288384, 54360600, 54371592, 54432864, 54496800, 54505176, 54577536, 54622152, 54649944, 54722400, 54747648, 54794904, 54867456, 54873288, 54940056, 54999072, 55012704, 55085400, 55125000, 55158144, 55230936, 55251072, 55303776, 55376664, 55377288, 55449600, 55503648, 55522584, 55595616, 55630152, 55668696, 55741824, 55756800, 55815000, 55883592, 55888224, 55961496, 56010528, 56034816, 56108184, 56137608, 56181600, 56255064, 56264832, 56328576, 56392200, 56402136, 56475744, 56519712, 56549400, 56623104, 56647368, 56696856, 56770656, 56775168, 56844504, 56903112, 56918400, 56992344, 57031200, 57066336, 57140376, 57159432, 57214464, 57287808, 57288600, 57362784, 57416328, 57437016, 57511296, 57544992, 57585624, 57660000, 57673800, 57734424, 57802752, 57808896, 57883416, 57931848, 57957984, 58032600, 58061088, 58107264, 58181976, 58190472, 58256736, 58320000, 58331544, 58406400, 58449672, 58481304, 58556256, 58579488, 58631256, 58706304, 58709448, 58781400, 58839552, 58856544, 58931736, 58969800, 59006976, 59082264, 59100192, 59157600, 59230728, 59232984, 59308416, 59361408, 59383896, 59459424, 59492232, 59535000, 59610624, 59623200, 59686296, 59754312, 59762016, 59837784, 59885568, 59913600, 59989464, 60016968, 60065376, 60141336, 60148512, 60217344, 60280200, 60293400, 60369504, 60412032, 60445656, 60521856, 60544008, 60598104, 60674400, 60676128, 60750744, 60808392, 60827136, 60903576, 60940800, 60980064, 61056600, 61073352, 61133184, 61206048, 61209816, 61286496, 61338888, 61363224, 61440000, 61471872, 61516824, 61593696, 61605000, 61670616, 61738272, 61747584, 61824600, 61871688, 61901664, 61978776, 62005248, 62055936, 62133144, 62138952, 62210400, 62272800, 62287704, 62365056, 62406792, 62442456, 62519904, 62540928, 62597400, 62674944, 62675208, 62752536, 62809632, 62830176, 62907864, 62944200, 62985600, 63063384, 63078912, 63141216, 63213768, 63219096, 63297024, 63348768, 63375000, 63453024, 63483912, 63531096, 63609216, 63619200, 63687384, 63754632, 63765600, 63843864, 63890208, 63922176, 64000536, 64025928, 64078944, 64157400, 64161792, 64235904, 64297800, 64314456, 64393056, 64433952, 64471704, 64550400, 64570248, 64629144, 64706688, 64707936, 64786776, 64843272, 64865664, 64944600, 64980000, 65023584, 65102616, 65116872, 65181696, 65253888, 65260824, 65340000, 65391048, 65419224, 65498496, 65528352, 65577816, 65657184, 65665800, 65736600, 65803392, 65816064, 65895576, 65941128, 65975136, 66054744, 66079008, 66134400, 66214104, 66217032, 66293856, 66355200, 66373656, 66453504, 66493512, 66533400, 66613344, 66631968, 66693336, 66770568, 66773376, 66853464, 66909312, 66933600, 67013784, 67048200, 67094016, 67174296, 67187232, 67254624, 67326408, 67335000, 67415424, 67465728, 67495896, 67576416, 67605192, 67656984, 67737600, 67744800, 67818264, 67884552, 67898976, 67979736, 68024448, 68060544, 68141400, 68164488, 68222304, 68303256, 68304672, 68384256, 68445000, 68465304, 68546400, 68585472, 68627544, 68708736, 68726088, 68789976, 68866848, 68871264, 68952600, 69007752, 69033984, 69115416, 69148800, 69196896, 69278424, 69289992, 69360000, 69431328, 69441624, 69523296, 69572808, 69605016, 69686784, 69714432, 69768600, 69850464, 69856200, 69932376, 69998112, 70014336, 70096344, 70140168, 70178400, 70260504, 70282368, 70342656, 70424712, 70424856, 70507104, 70567200, 70589400, 70671744, 70709832, 70754136, 70836576, 70852608, 70919064, 70995528, 71001600, 71084184, 71138592, 71166816, 71249496, 71281800, 71332224, 71415000, 71425152, 71497824, 71568648, 71580696, 71663616, 71712288, 71746584, 71829600, 71856072, 71912664, 71995776, 72000000, 72078936, 72144072, 72162144, 72245400, 72288288, 72328704, 72412056, 72432648, 72495456, 72577152, 72578904, 72662400, 72721800, 72745944, 72829536, 72866592, 72913176, 72996864, 73011528, 73080600, 73156608, 73164384, 73248216, 73301832, 73332096, 73416024, 73447200, 73500000, 73584024, 73592712, 73668096, 73738368, 73752216, 73836384, 73884168, 73920600, 74004864, 74030112, 74089176, 74173536, 74176200, 74257944, 74322432, 74342400, 74426904, 74468808, 74511456, 74596056, 74615328, 74680704, 74761992, 74765400, 74850144, 74908800, 74934936, 75019776, 75055752, 75104664, 75189600, 75202848, 75274584, 75350088, 75359616, 75444696, 75497472, 75529824, 75615000, 75645000, 75700224, 75785496, 75792672, 75870816, 75940488, 75956184, 76041600, 76088448, 76127064, 76212576, 76236552, 76298136, 76383744, 76384800, 76469400, 76533192, 76555104, 76640856, 76681728, 76726656, 76812504, 76830408, 76898400, 76979232, 76984344, 77070336, 77128200, 77156376, 77242464, 77277312, 77328600, 77414784, 77426568, 77501016, 77575968, 77587296, 77673624, 77725512, 77760000, 77846424, 77875200, 77932896, 78019416, 78025032, 78105984, 78175008, 78192600, 78279264, 78325128, 78365976, 78452736, 78475392, 78539544, 78625800, 78626400, 78713304, 78776352, 78800256, 78887256, 78927048, 78974304, 79061400, 79077888, 79148544, 79228872, 79235736, 79322976, 79380000, 79410264, 79497600, 79531272, 79584984, 79672416, 79682688, 79759896, 79834248, 79847424, 79935000, 79985952, 80022624, 80110296, 80137800, 80198016, 80285784, 80289792, 80373600, 80441928, 80461464, 80549376, 80594208, 80637336, 80725344, 80746632, 80813400, 80899200, 80901504, 80989656, 81051912, 81077856, 81166104, 81204768, 81254400, 81342744, 81357768, 81431136, 81510912, 81519576, 81608064, 81664200, 81696600, 81785184, 81817632, 81873816, 81962496, 81971208, 82051224, 82124928, 82140000, 82228824, 82278792, 82317696, 82406616, 82432800, 82495584, 82584600, 82586952, 82673664, 82741248, 82762776, 82851936, 82895688, 82941144, 83030400, 83050272, 83119704, 83205000, 83209056, 83298456, 83359872, 83387904, 83477400, 83514888, 83566944, 83656536, 83670048, 83746176, 83825352, 83835864, 83925600, 83980800, 84015384, 84105216, 84136392, 84195096, 84285024, 84292128, 84375000, 84448008, 84465024, 84555096, 84604032, 84645216, 84735384, 84760200, 84825600, 84915864, 84916512, 85006176, 85072968, 85096536, 85186944, 85229568, 85277400, 85367904, 85386312, 85458456, 85543200, 85549056, 85639704, 85700232, 85730400, 85821144, 85857408, 85911936, 86002776, 86014728, 86093664, 86172192, 86184600, 86275584, 86329800, 86366616, 86457696, 86487552, 86548824, 86640000, 86645448, 86731224, 86803488, 86822496, 86913816, 86961672, 87005184, 87096600, 87120000, 87188064, 87278472, 87279576, 87371136, 87437088, 87462744, 87554400, 87595848, 87646104, 87737856, 87754752, 87829656, 87913800, 87921504, 88013400, 88072992, 88105344, 88197336, 88232328, 88289376, 88381464, 88391808, 88473600, 88551432, 88565784, 88658016, 88711200, 88750296, 88842624, 88871112, 88935000, 89027424, 89031168, 89119896, 89191368, 89212416, 89304984, 89351712, 89397600, 89490264, 89512200, 89582976, 89672832, 89675736, 89768544, 89833608, 89861400, 89954304, 89994528, 90047256, 90140256, 90155592, 90233304, 90316800, 90326400, 90419544, 90478152, 90512736, 90605976, 90639648, 90699264, 90792600, 90801288, 90885984, 90963072, 90979416, 91072896, 91125000, 91166424, 91260000, 91287072, 91353624, 91447296, 91449288, 91541016, 91611648, 91634784, 91728600, 91774152, 91822464, 91916376, 91936800, 92010336, 92099592, 92104344, 92198400, 92262528, 92292504, 92386656, 92425608, 92480856, 92575104, 92588832, 92669400, 92752200, 92763744, 92858136, 92915712, 92952576, 93047064, 93079368, 93141600, 93236184, 93243168, 93330816, 93407112, 93425496, 93520224, 93571200, 93615000, 93709824, 93735432, 93804696, 93899616, 93899808, 93994584, 94064328, 94089600, 94184664, 94228992, 94279776, 94374936, 94393800, 94470144, 94558752, 94565400, 94660704, 94723848, 94756056, 94851456, 94889088, 94946904, 95042400, 95054472, 95137944, 95220000, 95233536, 95329176, 95385672, 95424864, 95520600, 95551488, 95616384, 95712216, 95717448, 95808096, 95883552, 95904024, 96000000, 96049800, 96096024, 96192096, 96216192, 96288216, 96382728, 96384384, 96480600, 96549408, 96576864, 96673176, 96716232, 96769536, 96865944, 96883200, 96962400, 97050312, 97058904, 97155456, 97217568, 97252056, 97348704, 97384968, 97445400, 97542144, 97552512, 97638936, 97720200, 97735776, 97832664, 97888032, 97929600, 98026584, 98056008, 98123616, 98220696, 98224128, 98317824, 98392392, 98415000, 98512224, 98560800, 98609496, 98706816, 98729352, 98804184, 98898048, 98901600, 98999064, 99066888, 99096576, 99194136, 99235872, 99291744, 99389400, 99405000, 99487104, 99574272, 99584856, 99682656, 99743688, 99780504, 99878400, 99913248, 99976344]
Time: Thu Apr 16 05:01:17 2015

